ObjID,FieldID,fieldMJD_TAI,fieldJD_TDB,Range_LTC_km,RangeRate_LTC_km_s,RATrue_deg,RARateCosDec_deg_day,DecTrue_deg,DecRate_deg_day,Obj_Sun_x_LTC_km,Obj_Sun_y_LTC_km,Obj_Sun_z_LTC_km,Obj_Sun_vx_LTC_km_s,Obj_Sun_vy_LTC_km_s,Obj_Sun_vz_LTC_km_s,Obs_Sun_x_km,Obs_Sun_y_km,Obs_Sun_z_km,Obs_Sun_vx_km_s,Obs_Sun_vy_km_s,Obs_Sun_vz_km_s,phase_deg,FORMAT,q,e,inc,node,argPeri,t_p_MJD_TDB,epochMJD_TDB,H_filter,GS,visitTime,visitExposureTime,optFilter,seeingFwhmGeom_arcsec,seeingFwhmEff_arcsec,fieldFiveSigmaDepth_mag,fieldRA_deg,fieldDec_deg,fieldRotSkyPos_deg,H_r,trailedSourceMagTrue,PSFMagTrue,fiveSigmaDepth_mag,astrometricSigma_deg,trailedSourceMagSigma,SNR,PSFMagSigma,trailedSourceMag,PSFMag,RA_deg,Dec_deg,object_linked,date_linked_MJD,Obj_Sun_LTC_km
A_M_2.3999999999999995_1.0_813,112988,61211.32768974223,2461211.828062005,162470531.57557198,-47.59793080336389,288.46237758680115,-0.025103379649298,-27.103657074616237,-0.0623085892831408,42242735.96054605,-276621378.1114036,-134466491.9601853,15.086888933689943,40.36408053505775,19.5473351984517,-3558529.1426667618,-139436529.21693176,-60444637.21987849,29.585654735552943,-0.4476786064012757,-0.3176668010181674,8.875813600828865,COM,0.696373,2.086704,2.468,4.222,2.611,61281.503489,60796.001439,21.31,0.15,33.6,29.2,r,0.7864822999585044,0.8935307785383265,24.316296600418955,287.6190634015957,-28.655390910338898,23.25307839967776,21.31,23.689082097267697,23.690985838807023,24.224184103195714,1.6414569822516987e-05,0.126354530682414,8.08856236502484,0.12655963321709357,23.66857177089779,23.689074482337464,288.4624005351742,-27.10365341259787,True,61213.0,310459454.7276071
A_M_2.3999999999999995_1.0_813,113040,61211.35232713175,2461211.852700005,162369256.43358797,-47.54158708529884,288.4616940205651,-0.0242491463338137,-27.10518379714055,-0.06163523021734,42274856.4467408,-276535437.73921496,-134424873.1387031,15.08648991541599,40.36669320272642,19.54860522855719,-3495598.785602146,-139437425.99469176,-60445308.13377144,29.5382793170198,-0.3961031612053028,-0.3126744388673971,8.867411691253222,COM,0.696373,2.086704,2.468,4.222,2.611,61281.503489,60796.001439,20.98,0.15,33.6,29.2,i,0.8248337880807273,0.9401870901225392,23.77581093442189,288.18591873674376,-25.560984479617694,30.843785033534186,21.31,23.356758939756908,23.35843094493575,23.715567952747417,2.008557431159584e-05,0.1467314568723042,6.900285151247823,0.14693932192875014,23.777312629464596,23.300008703248302,288.461681229758,-27.105190333814164,True,61213.0,310369229.0346583
A_M_2.3999999999999995_1.0_813,115131,61213.32632271166,2461213.826695004,154284013.75887954,-46.87672889075202,288.4194679948376,-0.0354438272908479,-27.23894957886995,-0.067824962628638,44845460.91183909,-269631550.9821058,-131081455.68672083,15.05231972025069,40.58089017891368,19.652732447434584,1502157.6625443453,-139484436.3411383,-60465285.33161969,29.579322718263683,0.470064778516042,0.0768564090575275,8.19742543594134,COM,0.696373,2.086704,2.468,4.222,2.611,61281.503489,60796.001439,20.98,0.15,33.6,29.2,i,0.6892716892955864,0.7752696950067961,24.016283645979335,287.43680357833875,-28.173257060172375,-3.8847619426459103,21.31,23.16720150085723,23.170479059933278,23.991606926040834,1.1291763916873224e-05,0.09880539214602391,10.46539440923103,0.09908349701184543,23.013441253756156,23.2270168470493,288.41947277542914,-27.238940250900736,True,61213.0,303141281.7060074
A_M_2.3999999999999995_1.0_813,115132,61213.326769427214,2461213.8271420044,154282203.1252471,-46.875682826017886,288.4194501790569,-0.035429082451812,-27.23897989368364,-0.0678116794857577,44846042.33577871,-269629983.4682688,-131080696.56266312,15.052311470863089,40.58093979610055,19.652756568914413,1503300.0246038209,-139484418.16794017,-60465282.36161928,29.578493008536245,0.4710433431221281,0.0769466147376541,8.197264467946018,COM,0.696373,2.086704,2.468,4.222,2.611,61281.503489,60796.001439,20.98,0.15,33.6,29.2,i,0.6846377607020679,0.7696323122896204,24.0295591221198,289.8001871200182,-26.388136896430986,1.3827457068910942,21.31,23.167157560214573,23.17048154258755,23.979888897995092,1.1331925463788597e-05,0.09980408612299912,10.355395741529618,0.10008893419541669,23.28016069710559,23.19390876941904,288.4194287989112,-27.238995381958315,True,61213.0,303139645.229116
A_M_2.3999999999999995_1.0_813,115182,61213.350517325714,2461213.850890004,154186065.40342316,-46.822223895300674,288.4185154706697,-0.0345190347009405,-27.240582175577305,-0.0671404590855882,44876931.45813728,-269546702.6735223,-131040364.88493708,15.051872855595876,40.58357657242204,19.654038442984167,1563942.6789601594,-139483400.72129416,-60465119.55849771,29.531445520056536,0.5195343910722622,0.0817466930565242,8.1887204282821,COM,0.696373,2.086704,2.468,4.222,2.611,61281.503489,60796.001439,20.81,0.15,33.6,29.2,z,0.7458031787212477,0.8440427964978683,23.279667753788786,287.43680357833875,-28.173257060172375,-3.8847619426459103,21.31,22.99482361045969,22.997516187765008,23.255130917637945,1.9883038768277152e-05,0.15963764593800833,6.298110000871561,0.16000040841512975,22.81656500740399,23.29093480294167,288.4185260870215,-27.24056136278598,True,61213.0,303052703.5491418
A_M_2.3999999999999995_1.0_813,115183,61213.350961887016,2461213.851334004,154184269.0121605,-46.821267283974045,288.4184982371761,-0.0344997268654482,-27.24061198331704,-0.0671286094894993,44877508.96232253,-269545145.57802284,-131039610.80613568,15.05186464863164,40.583625884276586,19.654062416055133,1565075.5349087855,-139483380.7750268,-60465116.420838974,29.53051389456677,0.5203728310894956,0.0818365715249908,8.188560851413701,COM,0.696373,2.086704,2.468,4.222,2.611,61281.503489,60796.001439,20.81,0.15,33.6,29.2,z,0.7390312405817495,0.8358044289315687,23.299439313767532,289.8001871200182,-26.388136896430986,1.3827457068910942,21.31,22.99477998406594,22.997524355225703,23.249405146963877,1.980687758692287e-05,0.16041240159218034,6.265105362001292,0.1607838449567568,23.080473939654656,23.048866823230586,288.4185309977668,-27.24061146812055,True,61213.0,303051078.0636894
A_M_2.3999999999999995_1.0_813,116248,61214.35872240029,2461214.859095004,150103956.4451547,-46.44516476869564,288.38797567091603,-0.0394479691294864,-27.31342603945069,-0.069879730126334,46187458.97597487,-266006042.7224837,-129325665.33072476,15.032612044155607,40.69687605103413,19.709120647540317,4116276.714563161,-139446730.68201074,-60449298.56056056,29.496071994679408,0.992783891318908,0.2803150405379669,7.832724395892972,COM,0.696373,2.086704,2.468,4.222,2.611,61281.503489,60796.001439,22.04,0.15,33.6,29.2,g,1.0300654289246838,1.1898606191297858,24.364377664866012,288.37806866171206,-28.243501403505306,-55.87219697525843,21.31,24.124875658271986,24.126408207849636,24.35774966437629,2.797979801888227e-05,0.16317751815129802,6.157667406237601,0.16338821645111384,24.042495461842893,24.178726244378055,288.38794158555,-27.313399555140077,True,61213.0,299362028.0609547
A_M_2.3999999999999995_1.0_813,116299,61214.38279712272,2461214.8831700035,150007383.69690236,-46.39852779716767,288.3869238102656,-0.0381550450174068,-27.31510130639855,-0.0693074092238146,46218732.36273374,-265921374.0070729,-129284661.04974803,15.032136515689826,40.699614326121896,19.71045193496417,4177574.3326507686,-139444624.78022784,-60448710.41282415,29.440997367171136,1.0306606308454875,0.2851916578952231,7.82388255570862,COM,0.696373,2.086704,2.468,4.222,2.611,61281.503489,60796.001439,21.31,0.15,33.6,29.2,r,1.152908772443412,1.3393050759652214,23.782671864307595,288.37806866171206,-28.243501403505306,-55.87219697525843,21.31,23.392459811824043,23.393636038599773,23.776081151924046,2.7314587383628857e-05,0.14360833087633593,7.063895474470526,0.14375156361507016,23.235590101203822,23.12081743383208,288.38697697407025,-27.315074279382596,True,61213.0,299273907.9134294
A_M_2.3999999999999995_1.0_813,117253,61215.34118630297,2461215.841559004,146155517.83041093,-46.12387398356504,288.35269948375594,-0.04575052414121,-27.38767179251355,-0.0734842811847197,47462857.88706473,-262546177.9955521,-127650075.79671387,15.012591930711825,40.80989100632827,19.764067330773305,6601621.579066386,-139373359.68366954,-60417259.48826627,29.50790242666833,1.4181481150310604,0.4733331334855153,7.478158076358384,COM,0.696373,2.086704,2.468,4.222,2.611,61281.503489,60796.001439,21.31,0.15,33.6,29.2,r,1.38313576445105,1.6193865747579683,23.640275490294385,288.0331704881071,-26.576594461482767,-33.402816638055604,21.31,23.295363205119436,23.29632653334301,23.635766528918456,3.4005175688628966e-05,0.14892786670574418,6.795846360141666,0.14904929918312337,23.490444053749975,23.27959784861883,288.35271271128204,-27.387697094746187,True,61213.0,295766394.82839596
A_M_2.3999999999999995_1.0_813,128175,61230.27545932195,2461230.775831999,89663362.48477162,-41.150717886108175,286.9026004001974,-0.1715326373908293,-29.08999802054951,-0.1629364552667563,66551169.57700305,-208608337.20935732,-101525576.61573246,14.488586656350972,42.914853071021234,20.788003049172524,43770387.80607782,-133640188.21810909,-57932788.32676164,28.33705761768792,8.039972881745912,3.3601771348992227,4.273403210263555,COM,0.696373,2.086704,2.468,4.222,2.611,61281.503489,60796.001439,22.04,0.15,33.6,29.2,g,1.0148190116041966,1.171312666185154,24.3596100300139,288.1039989663307,-29.985451344633706,-17.818983876052474,21.31,22.357978487342336,22.37156610989863,24.326414780682086,6.570155923095975e-06,0.03756351651162758,28.076986621953495,0.03799725394209369,22.35193011113845,22.384238790235187,286.9025977549396,-29.089989396966587,True,61213.0,241358528.40220276
A_M_2.3999999999999995_1.0_813,128183,61230.279085304406,2461230.7794579985,89650469.99002464,-41.14253707583522,286.90188904004606,-0.1713368583225142,-29.09058850461549,-0.1627584837487631,66555709.24646622,-208594890.62841156,-101519063.07661004,14.488389824295345,42.91547006948489,20.78830333179941,43779264.3122388,-133637668.14822236,-57931735.51863924,28.32996101814611,8.04796567672466,3.360882111185962,4.2746718872105,COM,0.696373,2.086704,2.468,4.222,2.611,61281.503489,60796.001439,22.04,0.15,33.6,29.2,g,0.8869404284675846,1.0157426137075238,24.49074310651399,286.6591804541316,-27.376226313962846,-10.812879338723322,21.31,22.35762661743942,22.375580019812507,24.39700364674901,5.64939545160727e-06,0.03554326688544733,29.591049266687616,0.03608502100970661,22.323811687142054,22.392252250334128,286.90189479143174,-29.090587427800212,True,61213.0,241345418.4307874
A_M_2.3999999999999995_1.0_813,128226,61230.29978790592,2461230.8001599987,89576910.50573619,-41.09767345889728,286.8978447920473,-0.1700278051290349,-29.093947815153253,-0.1617976811336995,66581626.49778468,-208518116.06938288,-101481873.384338,14.48726517473977,42.9189938765058,20.79001831030872,43829898.81183796,-133623234.22970764,-57925720.46332941,28.28677929115207,8.090588347986447,3.3649138778693737,4.281928730351167,COM,0.696373,2.086704,2.468,4.222,2.611,61281.503489,60796.001439,21.31,0.15,33.6,29.2,r,1.3582036586148254,1.5890555457601283,23.593762541859103,288.1039989663307,-29.985451344633706,-17.818983876052474,21.31,21.625618442564903,21.63292821706989,23.560531789627284,8.605904789068354e-06,0.03838112747740984,27.616907898334357,0.038619135444712176,21.618434272251424,21.570765132496604,286.89783636012123,-29.093943100655935,True,61213.0,241270570.81585798
A_M_2.3999999999999995_1.0_813,128234,61230.30337284019,2461230.8037449988,89564180.10300079,-41.090252849320656,286.8971477514221,-0.1697692335193389,-29.094527579414905,-0.1616417861219352,66586114.42679026,-208504820.25113547,-101475432.87191305,14.487070266457636,42.91960430137392,20.790315394282857,43838659.25060299,-133620727.15567891,-57924678.09313664,28.27887200680915,8.097422805129789,3.3656131660433064,4.283187776395318,COM,0.696373,2.086704,2.468,4.222,2.611,61281.503489,60796.001439,21.31,0.15,33.6,29.2,r,1.6028045680301053,1.8866235620804201,23.38408665711193,286.6591804541316,-27.376226313962846,-10.812879338723322,21.31,21.625270810435314,21.630454147304505,23.289449880075814,1.2438813657831283e-05,0.048193794793015804,21.93282630491238,0.048407456000604976,21.637454895508917,21.684209255402024,286.89714694004573,-29.094512607450405,True,61213.0,241257609.57731062
A_M_2.3999999999999995_1.0_813,129723,61232.03992199288,2461232.540293998,83407026.27276012,-41.0561025026538,286.5782225137252,-0.1886273267843422,-29.40390205954904,-0.1984691237857915,68752667.09294371,-202041833.805541,-98344701.35534166,14.387211203005084,43.22242424937818,20.93770404490695,48020286.32213621,-132399772.68529242,-57394930.38940454,28.110349132279943,8.27627364877417,3.693843420664637,5.062843343872569,COM,0.696373,2.086704,2.468,4.222,2.611,61281.503489,60796.001439,22.04,0.15,33.6,29.2,g,0.974609982655272,1.1223965725733236,24.35368168236873,285.7883377836819,-28.263475416964255,169.76370151329758,21.31,22.189107435639407,22.20881307670013,24.3244691615921,5.712088995892758e-06,0.0328594116180769,32.00275764386835,0.033407068838419436,22.215196405173035,22.233354403633044,286.57820488259216,-29.403911242432237,True,61213.0,234988323.3792061
A_M_2.3999999999999995_1.0_813,129724,61232.04036543366,2461232.540737998,83405451.0832519,-41.05539577885932,286.5781263635321,-0.1886884787335418,-29.403990176976382,-0.1984561012503566,68753219.08466962,-202040175.4951015,-98343898.04053782,14.38718422581283,43.22250353249903,20.93774263652365,48021364.69233045,-132399455.173368,-57394788.68605169,28.11097058095124,8.277355202877928,3.693925283292204,5.063088939028664,COM,0.696373,2.086704,2.468,4.222,2.611,61281.503489,60796.001439,22.04,0.15,33.6,29.2,g,0.9869749326659606,1.137439090834502,24.3307355001248,288.06562916486047,-30.462432073516624,170.74335182017202,21.31,22.189065317488993,22.20826696550458,24.25020963075403,6.0565765126879975e-06,0.03495461751051372,30.06598360480511,0.03552423101843896,22.162841281312314,22.183886657121942,286.5781310982982,-29.40398876490497,True,61213.0,234986722.88111022
A_M_2.3999999999999995_1.0_813,130863,61233.10593750957,2461233.606309998,79664953.48094817,-40.6189850919015,286.35321184025736,-0.2123375579142534,-29.613587444664898,-0.2097201101107154,70074911.02053966,-198051491.63856772,-96411688.43887892,14.320174244892431,43.41560526723785,21.031740815412554,50574503.92286878,-131594476.76469234,-57045407.05238974,28.014695106266764,8.893840819611249,3.894043556343677,5.690484944142303,COM,0.696373,2.086704,2.468,4.222,2.611,61281.503489,60796.001439,21.31,0.15,33.6,29.2,r,1.064992115914918,1.232350505979219,23.960819264983467,286.39519882300004,-30.711499360286513,-149.4894669773331,21.31,21.357367038253678,21.376792509180778,23.948357689217207,4.645546484559433e-06,0.022541039157440802,46.9126292751048,0.022900574657749466,21.35308390304854,21.399982122152327,286.35320892267913,-29.613588327459006,True,61213.0,231149519.06165338
A_M_2.3999999999999995_1.0_813,136363,61243.06424584258,2461243.5646179947,46078406.26223599,-37.8640078083575,282.72476915040403,-0.5458363632960792,-32.829631190596615,-0.5313106672804867,82047382.35464466,-159824827.101228,-77891404.32695028,13.407172124287046,45.530848948292224,22.062027350455757,73518816.93189819,-122056734.48140702,-52910325.98036512,25.964627983979877,13.000383495723298,5.689538828769062,15.80062271869475,COM,0.696373,2.086704,2.468,4.222,2.611,61281.503489,60796.001439,20.63,0.15,33.6,29.2,y,1.0258491975309898,1.1847313838576519,21.950500798272596,283.9552353618688,-33.339472968214345,-126.25962902289604,21.31,19.521149310477085,19.64506321382872,21.935250173381935,5.413115401093723e-06,0.029109907155028446,33.13572096503202,0.03228163859371338,19.51747001284023,19.622843667209043,282.72477331591296,-32.82962488963931,True,61213.0,195813225.2357106
A_M_2.3999999999999995_1.0_813,136414,61243.08839064745,2461243.588762995,45999458.83109659,-37.811590957708304,282.7090141975208,-0.5505361606510543,-32.84244109031215,-0.5297278046309036,82075351.8072672,-159729825.78023776,-77845371.30596404,13.40414381505101,45.53674552499079,22.06490114041108,73572993.2926011,-122029542.50553556,-52898452.58943627,25.973498212110485,13.069315762835457,5.693650260824917,15.836635114522588,COM,0.696373,2.086704,2.468,4.222,2.611,61281.503489,60796.001439,20.81,0.15,33.6,29.2,z,1.0488394991305405,1.2127001205967647,22.90054403729497,283.9552353618688,-33.339472968214345,-126.25962902289604,21.31,19.697697872841047,19.817180332655823,22.884912148776454,3.748720197697559e-06,0.015523689245468701,63.18483828483462,0.017048932577297286,19.700776754652686,19.820991439940002,282.7090164476309,-32.84244412806998,True,61213.0,195729104.76430222
A_M_2.3999999999999995_1.0_27,140551,61266.0373890061,2461266.537761988,28696969.080966927,-15.636166144151224,295.63920347454456,-0.0817015398820688,-26.70734341263136,-0.1390143174398009,128729754.96255338,-110782749.66548423,-50902876.97689996,12.074926518171695,33.79926734995688,15.463895025223048,117637248.690071,-87671498.05903527,-38005497.855065934,18.703846318046992,21.08554227936791,9.156478441309982,24.091629374013426,COM,0.969233,1.033118,1.17,3.333,3.264,61305.051325,60796.001439,25.36,0.15,33.6,29.2,r,0.7932033196821716,0.9017072015598194,24.307140441776745,295.07665548332454,-26.86698047031357,-122.64768574187418,25.36,23.269471665289462,23.28015160479967,24.307140441776745,1.0857934399201733e-05,0.08295511981881955,12.475094269732054,0.08371994003903323,23.32124270449893,23.379277469659865,295.6392041973216,-26.707332758891322,True,61279.0,177299944.5027826
A_M_2.3999999999999995_1.0_27,143968,61272.17946772199,2461272.6798399864,20650707.14295496,-14.756739218343627,295.8407632512504,0.0162206026516479,-27.626195516564,-0.1668604946289697,134676537.49419224,-92476521.84260556,-42526608.85145199,10.278519664070734,35.18181847373872,16.099432037164288,126701677.5907992,-76009640.02642329,-32950852.052262112,16.058147844283337,23.09529528159521,9.87349843956654,30.490290650321143,COM,0.969233,1.033118,1.17,3.333,3.264,61305.051325,60796.001439,24.86,0.15,33.6,29.2,z,1.0114547044557765,1.167219835104351,22.928354608719125,294.2748199041529,-27.601708777068474,-55.07393921191172,25.36,22.13577293323067,22.14268768954256,22.894092532413904,1.734378489022581e-05,0.10501652841638955,9.785775058436515,0.10564032518505517,22.24296475680526,22.244811807179058,295.840756171692,-27.626218199270593,True,61279.0,168814067.25724864
A_M_2.3999999999999995_1.0_27,144012,61272.19925474461,2461272.6996269864,20625510.968258794,-14.716775043418664,295.8411939782151,0.0225726471775413,-27.629451655447603,-0.162313070826937,134694105.0519622,-92416368.43188086,-42499082.2456739,10.272165399627507,35.18618077300894,16.10143825987108,126729088.65586787,-75970127.14047809,-32933970.437823925,16.008547497832943,23.128647155629796,9.875737865081025,30.51217575484717,COM,0.969233,1.033118,1.17,3.333,3.264,61305.051325,60796.001439,24.86,0.15,33.6,29.2,z,0.9047425622486963,1.0373997107648374,23.059437177645453,297.77715204329513,-27.756048315682584,-55.43238433899443,25.36,22.133415840599305,22.141768504197497,22.96801040655783,1.4589579633044428e-05,0.098519589656961,10.449467466878431,0.09922782305506433,22.006240508420014,22.235233297653263,295.84122319921846,-27.629450847677163,True,61279.0,168788207.76822868
A_M_2.3999999999999995_1.0_783,144906,61273.15363563111,2461273.6540079867,83566574.81357326,-23.768931528504204,337.5625112129514,0.8500496329633567,-13.79359391178002,0.3877452545608616,203027292.8206033,-105058315.22503293,-52039729.82965845,1.2718809236814224,44.7707862171242,21.99954423530606,128014537.3300432,-74082853.85841039,-32115379.57900173,15.69005266820466,23.295683106859254,9.977060522017664,4.886904723968184,COM,1.321844,3.023912,2.734,2.221,5.416,61305.623152,60796.001439,23.53,0.15,33.6,29.2,i,0.6503091574724478,0.7278700212560192,23.95710842933315,337.6405550300144,-14.54377104897516,-150.10794965079663,23.86,23.668342069726773,24.04992680604927,23.955732833007193,2.5211451595989522e-05,0.22581645730364183,3.053427241338607,0.3075870150412873,23.756557298686293,23.604479553546994,337.5625619207212,-13.79361589095195,True,61291.0,234447146.9409027
A_M_2.3999999999999995_1.0_27,145552,61274.00313883643,2461274.503510986,18310378.1850808,-15.007430257632867,296.138483765043,0.0833043811164216,-27.997580307529223,-0.2533220074949396,136249186.58786196,-86901336.57820679,-39975293.551716186,9.677013962960451,35.58005356020407,16.282610764328354,129126734.18359832,-72387285.71088596,-31379774.46032298,15.43294016212792,23.154038380810416,10.064999442965425,32.34242890593881,COM,0.969233,1.033118,1.17,3.333,3.264,61305.051325,60796.001439,25.03,0.15,33.6,29.2,i,0.8576556117130694,0.9801163159526391,23.379128862936255,297.1445538320276,-28.39078705371753,111.62426197541919,25.36,22.067061009532235,22.091464028655842,23.37111896089356,9.513693805255616e-06,0.0670028726380034,15.373383525584682,0.06842243227783287,22.01988812176059,22.102364362722632,296.13847171912914,-27.9975720807041,True,61279.0,166474344.08784643
A_M_2.3999999999999995_1.0_27,145603,61274.02747614079,2461274.527848986,18278866.593936317,-14.959666836384724,296.1406650985852,0.0753220221356813,-28.00367425817101,-0.2473451503764348,136269527.79306203,-86826509.45879792,-39941050.17055391,9.668768214444862,35.58531144664231,16.285029702370174,129159183.42157304,-72338526.90165839,-31358607.14413209,15.428329452174504,23.22116644226222,10.067479146964091,32.36939356271549,COM,0.969233,1.033118,1.17,3.333,3.264,61305.051325,60796.001439,24.86,0.15,33.6,29.2,z,0.7041083198970012,0.7933191239622885,23.232033134163444,297.1445538320276,-28.39078705371753,111.62426197541919,25.36,21.89368634714384,21.928364089600265,23.224093829972425,7.881491084341028e-06,0.06618191371668947,15.429049006507014,0.0681831665228068,21.883152836749414,21.81816355916797,296.1406643005329,-28.003684218318178,True,61279.0,166443727.5431836
A_M_2.3999999999999995_1.0_27,150104,61280.21757745877,2461280.7179499846,10450849.719774092,-14.23558076609702,298.9133532749647,0.637103984005172,-30.206630406779457,-0.516190096995507,140846147.06863344,-67447405.43608336,-31071604.616586108,7.381512632223729,36.85524983364797,16.869741534975123,136479395.690152,-59541404.46387991,-25813573.53153623,12.41840111762938,24.956453242480343,10.649318419094778,37.978429144859135,COM,0.969233,1.033118,1.17,3.333,3.264,61305.051325,60796.001439,24.68,0.15,33.6,29.2,y,0.7546370120702701,0.8547895523969222,21.974301731375242,298.45281620323584,-31.85986855813113,-36.32064075701381,25.36,20.560960785839974,20.805871247812807,21.887777097373956,1.0322584485811137e-05,0.08259970782659493,10.160022937816008,0.10192599699105823,20.587479922247187,20.80552264998182,298.9133434066309,-30.206633722398863,True,61279.0,159223849.52508837
A_M_2.3999999999999995_1.0_27,150145,61280.23597287867,2461280.7363449847,10428244.85687346,-14.2076477356581,298.92712047623905,0.6567346859128328,-30.216074602095464,-0.5107836009105343,140857873.41908717,-67388824.77202468,-31044790.49928549,7.374148646565677,36.85877777318322,16.871367697143526,136499090.1144198,-59501728.47569766,-25796646.931286868,12.364728808717937,24.97067428013976,10.651005299861229,37.99286881900961,COM,0.969233,1.033118,1.17,3.333,3.264,61305.051325,60796.001439,24.68,0.15,33.6,29.2,y,0.8052198873814009,0.9163258970576654,21.841662558523,298.45281620323584,-31.85986855813113,-36.32064075701381,25.36,20.556393348236913,20.78041754181655,21.75631943573657,1.1973552505037424e-05,0.09035945733586592,9.424325523564136,0.10949421547161504,20.659124507943314,20.733710751320082,298.927108515555,-30.21607581484627,True,61279.0,159204187.21078527
A_M_2.3999999999999995_1.0_27,150576,61280.97492892784,2461281.4753009845,9504721.66468333,-14.66656938038254,299.7217997000768,0.8080686819752508,-30.68831580791104,-0.7641770651986008,141319200.93125176,-65030940.11553268,-29965501.305922996,7.07555699852623,36.99903498319881,16.936030672083657,137266796.16189787,-57932595.01525147,-25114599.70459852,12.353663470447357,24.62677084418557,10.71243806044628,38.42512631880923,COM,0.969233,1.033118,1.17,3.333,3.264,61305.051325,60796.001439,25.03,0.15,33.6,29.2,i,0.6684769067512266,0.74997190602339,23.391510334202184,300.0352003052487,-29.467085702976856,-134.03945870029457,25.36,20.706411564359556,21.172528797197256,23.368955939610167,4.3820178558284285e-06,0.03253500706915594,21.99558447125149,0.04827236435387501,20.74088439399583,21.21045416542038,299.7218025890954,-30.68831808007346,True,61279.0,158423707.16743368
A_M_2.3999999999999995_1.0_27,150597,61280.98571236176,2461281.4860849846,9491063.26268814,-14.648134955974106,299.73189056231854,0.8013447804047451,-30.696538253194756,-0.7607007890575471,141325791.76804215,-64996464.09354052,-29949720.16233661,7.071159539237844,37.001060236454826,16.936964578942835,137278306.85567957,-57909635.898660295,-25104618.112142384,12.354048400680568,24.655653826271557,10.713320979730035,38.43329733740029,COM,0.969233,1.033118,1.17,3.333,3.264,61305.051325,60796.001439,24.86,0.15,33.6,29.2,z,0.5722666738035261,0.6329278270115889,23.348802640284706,300.0352003052487,-29.467085702976856,-134.03945870029457,25.36,20.533362315807857,21.10810825156096,23.325693022382602,3.97676906384965e-06,0.0319215003408645,20.40444093499724,0.05194797243374432,20.54864231402997,21.190406957677375,299.73189248195416,-30.69654053548779,True,61279.0,158412453.74442372
A_M_2.3999999999999995_1.0_27,151069,61281.206115730136,2461281.706487985,9216443.602333317,-14.192507817083838,299.93636369266017,0.8583425129779274,-30.85323341140119,-0.6599352160583237,141459595.65767038,-64291432.47050837,-29626995.754790083,6.981033274820048,37.04231275163146,16.955988770959042,137511124.8045875,-57434904.83980363,-24900428.34844451,11.991949623437645,25.140932938510964,10.732264731731416,38.5981110633754,COM,0.969233,1.033118,1.17,3.333,3.264,61305.051325,60796.001439,24.86,0.15,33.6,29.2,z,0.6517961006342994,0.7296789545429433,23.113851551680963,300.0352003052487,-29.467085702976856,68.2823777042269,25.36,20.471053579903515,20.937532576844337,23.079481037231176,4.434950000268195e-06,0.03401547572588029,20.993099455161918,0.0505246872512188,20.455377370678544,20.94570196670896,299.9363657658596,-30.853231546607752,True,61279.0,158183325.19641846
A_M_2.3999999999999995_1.0_27,151120,61281.23035323293,2461281.730725985,9186760.580703609,-14.153622509461604,299.96100743131274,0.8878609348547161,-30.86912709152833,-0.6518183366938137,141474205.36472422,-64213851.42142059,-29591483.28529897,6.971092763489559,37.04683300235343,16.95807351463262,137536164.79837522,-57382232.31171715,-24877950.978748582,11.921719897580656,25.16168851294401,10.734420267372782,38.61410775500425,COM,0.969233,1.033118,1.17,3.333,3.264,61305.051325,60796.001439,24.68,0.15,33.6,29.2,y,0.679665351363359,0.7635831525101692,22.194378313541673,300.0352003052487,-29.467085702976856,68.2823777042269,25.36,20.284149806514232,20.733190530161682,22.15847655235695,7.2785898189139725e-06,0.06264090659974281,11.29160731041194,0.09213227708664826,20.324933554447814,20.66277581868363,299.96101269869666,-30.869127700778098,True,61279.0,158158228.93854296
A_M_2.3999999999999995_1.0_27,152893,61283.20517314428,2461283.705545984,6741704.711750655,-14.001461334514964,303.32003035289193,1.7761819424880871,-32.788784190277816,-1.1805820783068914,142593493.59352443,-57861681.076150194,-26683683.10539247,6.141828656902475,37.40365996324924,17.122782132257367,139480214.35497236,-53125775.27409627,-23032755.68385782,11.065612248237295,25.512293809362305,10.891977727998553,39.25032945738254,COM,0.969233,1.033118,1.17,3.333,3.264,61305.051325,60796.001439,25.03,0.15,33.6,29.2,i,0.6380814834041886,0.7129945053578937,23.766222160854383,304.10964180829615,-31.990392783256848,2.243487036979747,25.36,19.952601506232156,20.968974737085325,23.756038540108626,3.4370570237191125e-06,0.020471431183545337,22.237583531434762,0.047758428711778905,19.925686991439097,20.96931739403092,303.3200324706106,-32.78878427113401,True,61279.0,156182257.30291393
A_M_2.3999999999999995_1.0_783,154820,61286.14254253769,2461286.642914984,61732450.069613874,-14.829732056894184,352.9860155216923,1.4730517418054148,-6.31911129769986,0.7900609536557613,202980981.56679827,-54178519.538700506,-27035314.80567112,-1.4945882300691598,45.83817906297881,22.529695218400605,142082775.0128228,-46686071.70686225,-20240680.481891256,9.815723121517774,25.94099036870369,11.10606815056754,7.9392551154744275,COM,1.321844,3.023912,2.734,2.221,5.416,61305.623152,60796.001439,23.86,0.15,33.6,29.2,r,0.7308870101808734,0.8258966060594567,24.341575033063272,351.94873807446737,-5.511485048853862,153.75529644557793,23.86,23.26887750818661,23.953293680820632,24.314470242343642,1.9381761762490902e-05,0.15877085509437078,3.4063021532750026,0.27947776406878266,23.33232972646349,24.119536784919813,352.9860649885274,-6.319113347254814,True,61291.0,211819496.51499975
A_M_2.3999999999999995_1.0_783,154871,61286.166760880726,2461286.667132984,61701496.78459823,-14.754544642005204,353.021895226706,1.472171213631049,-6.299961328927614,0.7914099926361811,202977847.87772933,-54082599.73055444,-26988169.725846995,-1.500521031933156,45.83976111471523,22.53048469420425,142103249.0664263,-46631751.30074551,-20217439.87606673,9.753014458514288,25.97845802881865,11.10786506507446,7.951117014731035,COM,1.321844,3.023912,2.734,2.221,5.416,61305.623152,60796.001439,24.59,0.15,33.6,29.2,g,0.7507534454665555,0.850065018815761,24.740889162237806,351.94873807446737,-5.511485048853862,153.75529644557793,23.86,23.99794915079683,24.660127530284964,24.71233352350021,2.6238003335463093e-05,0.20563004350535086,2.6204948817837144,0.3509615551661659,24.0288934909578,24.998626797287717,353.02186848601696,-6.299979734636958,True,61291.0,211785966.55076352
A_M_2.3999999999999995_1.0_783,155904,61287.20782331896,2461287.708195984,60428447.07663543,-13.739881187585938,354.62188707431346,1.5253278629004454,-5.455326761675219,0.8295364500348026,202831324.8860749,-49956218.49328008,-24960008.40891746,-1.7581084698818614,45.905786362822,22.563452819586782,142941391.5497611,-44318034.62518828,-19215099.03320013,9.156006717243796,26.17856250550198,11.178010054661536,8.518425066823339,COM,1.321844,3.023912,2.734,2.221,5.416,61305.623152,60796.001439,23.53,0.15,33.6,29.2,i,0.9095711910045599,1.0432739549933818,23.688329935223983,355.14456185113454,-5.198116170875008,98.8643997156894,23.86,22.90188425427025,23.443428468315666,23.688329935223983,2.66820612259319e-05,0.17514291112271738,3.488669940016215,0.273644472365828,22.8993198677797,23.298119899293933,354.6218677469503,-5.455274322200464,True,61291.0,210378639.93514654
A_M_2.3999999999999995_1.0_27,156090,61287.2962708653,2461287.796642984,2075632.7148894563,-9.825802574162385,344.3267199070867,24.326939787869517,-44.14796043497283,-1.984034211415853,144444330.0254381,-44520247.37393796,-20575360.9182341,4.3017355101148365,38.061614642408,17.43107031819378,143010350.72889122,-44117895.451264106,-19129654.352393404,8.892862847368024,26.180764724019152,11.1843719014718,36.41836368683367,COM,0.969233,1.033118,1.17,3.333,3.264,61305.051325,60796.001439,25.03,0.15,33.6,29.2,i,0.7395621527004566,0.83645030742148,23.866653312424702,343.26140531780277,-43.180577351296336,-42.408346458000466,25.36,17.26431588625104,20.615214439080983,23.84531922116322,3.2460812056917625e-06,0.014694665729415034,3.991275178121156,0.24274960690720226,17.266464478099085,20.275392725034934,344.32672577698867,-44.147958703909744,True,61279.0,152543640.90203795
A_M_2.3999999999999995_1.0_783,156831,61288.20239681716,2461288.702768984,59291269.88943198,-12.847099917397845,356.20380746888844,1.5773921045409396,-4.612462556332708,0.8643800812620863,202669503.56803775,-46008733.86748713,-23019732.95586618,-2.0087622344548786,45.96509340415761,22.593105335919244,143699925.1833376,-42095914.76077564,-18251781.9420324,8.687296026893609,26.323095461294493,11.241638542915448,9.114117430944374,COM,1.321844,3.023912,2.734,2.221,5.416,61305.623152,60796.001439,23.53,0.15,33.6,29.2,i,0.9360403024916225,1.0754748205494191,23.658136710608165,356.90843406594917,-5.956627918119951,159.14803493087012,23.86,22.871404652190073,23.41630691727075,23.605831918715772,2.8893819239192895e-05,0.18370102341805927,3.3016251617704153,0.2872619954287454,23.08188109495336,23.600381316182627,356.2037806951868,-4.612464784033045,True,61291.0,209097200.7798371
A_M_2.3999999999999995_1.0_783,156873,61288.22266823617,2461288.723040983,59268828.23357013,-12.777820337761597,356.23589244856964,1.5779324337160976,-4.594929394677116,0.8654110717973661,202665980.55594075,-45928221.50542444,-22980158.9105222,-2.0139166413450225,45.966262411727165,22.593690251966198,143715088.41680998,-42049798.228443965,-18232090.98076547,8.627067104578924,26.33527688172889,11.243034931591769,9.126120606131517,COM,1.321844,3.023912,2.734,2.221,5.416,61305.623152,60796.001439,23.86,0.15,33.6,29.2,r,0.8313155956781348,0.9480725008249815,24.246617148701965,356.90843406594917,-5.956627918119951,159.14803493087012,23.86,23.20079480273315,23.836427466882657,24.19415974564175,2.2141351827313245e-05,0.15977951979893745,3.537108479529298,0.270326959298064,23.20227871972661,23.948851061949945,356.2359120377985,-4.5948842164647665,True,61291.0,209071731.49162263
A_M_2.3999999999999995_1.0_783,158530,61290.16191538402,2461290.662287983,57286499.35144833,-11.069008939345984,359.4655332842785,1.6778035951556551,-2.8530849918318437,0.9290849652849594,202286767.25951508,-38217289.81055757,-19189938.91697049,-2.515081613499348,46.07033746241122,22.64584993145989,145073766.74420628,-37683579.79379053,-16338494.79218652,7.823533196635311,26.55887167976794,11.357487674794438,10.434514080090986,COM,1.321844,3.023912,2.734,2.221,5.416,61305.623152,60796.001439,23.86,0.15,33.6,29.2,r,0.6659209899682904,0.746862518209599,24.45671990236645,0.18174791392073517,-3.6031733762392957,136.8210072196836,23.86,23.15321805373026,24.03357839458841,24.44662741905929,1.695969295898907e-05,0.15244735543299784,2.976019161068329,0.3145318639528094,23.05432589573787,23.768325235937734,359.4655443084987,-2.853073069564077,True,61291.0,206757711.354151
A_M_2.3999999999999995_1.0_783,158735,61291.2639179967,2461291.7642899826,56301396.34398465,-9.716376814876575,1.3754542102396543,1.7253660738708407,-1.8099284411705483,0.9631014770341924,202033445.0742525,-33828128.50318451,-17032421.29588685,-2.806696382873498,46.12228481546384,22.671968390402697,145776351.6778046,-35178907.29552462,-15254200.409735825,7.02719224084035,26.73130735359678,11.417735240051586,11.253365581489462,COM,1.321844,3.023912,2.734,2.221,5.416,61305.623152,60796.001439,23.86,0.15,33.6,29.2,r,0.5844003957172419,0.6476890458847225,24.641895259338177,1.4405479389579203,-1.7085708264685868,102.61886537519288,23.86,23.133214697627388,24.167654207815545,24.641895259338177,1.4095697309252062e-05,0.14405276176602308,2.7480568303540807,0.33695114382896163,23.029633227963714,23.62719419875534,1.3754484598948693,-1.8099423972905382,True,61291.0,205552812.14763165
A_M_2.3999999999999995_1.0_783,159498,61292.1932034109,2461292.693575983,55554380.30796001,-8.937345560912213,3.032991713339332,1.7660042862645506,-0.9031198864047912,0.988109226288105,201798092.38330427,-30123228.247994997,-15211212.64368891,-3.056196179978865,46.16178538145136,22.69188486387385,146328422.3314087,-33062299.383164823,-14335577.675389748,6.741547206563153,26.83586900420194,11.464210466489014,11.9902263995278,COM,1.321844,3.023912,2.734,2.221,5.416,61305.623152,60796.001439,23.86,0.15,33.6,29.2,r,0.9187162008359009,1.0543992710899037,24.08802350249884,3.0107974050960413,0.5406372584415727,166.13928768378577,23.86,23.12082646373624,23.76469905816735,24.047206791716036,2.6273172368029383e-05,0.17104403248381378,3.2603836596761804,0.2904500060883313,23.25701832977409,23.799285469933814,3.0330043613382145,-0.9031247123824291,True,61291.0,204600244.28067756
A_M_2.3999999999999995_1.0_783,159549,61292.2180466776,2461292.718418983,55535289.69104474,-8.850466724197815,3.0768662294213804,1.7658523455953898,-0.8785633910293953,0.9888244714732034,201791525.05773053,-30024140.953514792,-15162503.995972762,-3.06290944015655,46.162785719924585,22.692390039640216,146342813.0773329,-33004682.676375996,-14310969.016389703,6.667169994882175,26.848459095200027,11.46558447956028,12.009513139628709,COM,1.321844,3.023912,2.734,2.221,5.416,61305.623152,60796.001439,24.59,0.15,33.6,29.2,g,0.8469604608942702,0.9671051835696718,24.600796173966163,3.0107974050960413,0.5406372584415727,166.13928768378577,23.86,23.85051056087277,24.56107057366517,24.563287239745787,3.121669761328534e-05,0.21613689479633855,2.3725222894538978,0.38186131855230065,23.88833890875344,24.47602632060596,3.0768898117215713,-0.8786181145165334,True,61291.0,204575585.42638734
A_M_2.3999999999999995_1.0_783,160666,61294.26539367099,2461294.765765982,54171099.90418958,-6.558037941331557,6.843763268168368,1.8403960862081647,1.1947095551381188,1.0335956950726115,201200342.7381908,-21851478.466725413,-11144942.94340678,-3.623390858641447,46.23486970838041,22.728947860121337,147426916.02933645,-28305232.05390937,-12274416.029879428,5.520354861650087,27.049557350581946,11.558134194983923,13.742599157371538,COM,1.321844,3.023912,2.734,2.221,5.416,61305.623152,60796.001439,23.53,0.15,33.6,29.2,i,1.0304921972672896,1.190379802028333,23.526922414982977,6.8031977239138675,0.44386893796454446,118.01323275052232,23.86,22.777423450324566,23.363272131320873,23.525603211951605,3.280854212673351e-05,0.18917805323124534,3.0797788785090643,0.30529272256069684,22.751777658583425,22.90215012609261,6.843741969588564,1.1946991057771974,True,61291.0,202690095.4224429
A_M_2.3999999999999995_1.0_595,365720,61644.171645504175,2461644.672017985,148385926.9296161,-15.266664695962485,338.38553205399234,0.3082555848211376,-11.410545618409444,0.170391461508583,270289307.21876097,-115886464.3374732,-56368226.728723854,3.5650489346950613,38.377806569915855,18.56706768576079,135064010.20347005,-62307478.89431469,-27011887.09365475,13.135529680307185,24.64905696566095,10.541046105437148,1.660114183660898,COM,1.829831,2.947914,2.384,1.419,0.71,61681.126381,60796.001439,22.52,0.15,33.6,29.2,r,0.7485785635073096,0.8474191770161916,24.369514208087033,339.04345364066506,-12.016255902378848,158.91274105355959,22.52,24.200238730312837,24.25554023615503,24.364408804261043,2.30710556289053e-05,0.18298825669493787,5.180390892143875,0.19163353173591344,23.955447462660334,24.108946659840992,338.3854750369035,-11.410557421770333,True,61652.0,299438406.35092056
A_M_2.3999999999999995_1.0_595,366381,61645.16330665432,2461645.663678985,147104168.57370943,-14.841650198095977,338.71293509475424,0.3129006239666926,-11.239221191864242,0.1739172190201791,270589847.00264657,-112596016.77017055,-54776312.56329025,3.449772866203058,38.42650273321116,18.590755538499888,136150813.09671924,-60215389.24428916,-26104855.777871665,12.700256456359584,24.84531566808309,10.629826440270357,1.4388158873758277,COM,1.829831,2.947914,2.384,1.419,0.71,61681.126381,60796.001439,22.52,0.15,33.6,29.2,r,0.6390472981997394,0.7141694625300966,24.547189922678314,339.61393870455305,-10.85215876256396,91.67623482385207,22.52,24.150441589384734,24.229105769168502,24.53925763462808,1.6571960583237465e-05,0.154942694191073,6.0704920865193825,0.16556435807643355,24.286188229395012,24.314708139852666,338.71293722362213,-11.239242126950959,True,61652.0,298156289.06909794
A_M_2.3999999999999995_1.0_595,367214,61646.15306633463,2461646.6534389844,145862623.0240866,-14.420295220937383,339.0442558809749,0.3177201962991045,-11.064608362882604,0.1774683895808462,270879892.6756709,-109307754.99189492,-53185444.81207861,3.3331149993363085,38.47431144550803,18.614015444092427,137197110.86029404,-58110181.12090872,-25192105.045376003,12.264726436627893,25.030895942956736,10.71538075995142,1.2488476216605224,COM,1.829831,2.947914,2.384,1.419,0.71,61681.126381,60796.001439,23.25,0.15,33.6,29.2,g,0.736308212026985,0.8324917421252859,24.780123130039247,340.3474638614901,-11.212903525396532,84.03504625731483,22.52,24.833533210004248,24.894387132646756,24.754692201690236,2.8411019774057547e-05,0.22512058867858642,4.106039979027747,0.2366525931902519,24.803089365054973,24.919159706822473,339.04423762118626,-11.06461513792846,True,61652.0,296905360.5060201
A_M_2.3999999999999995_1.0_595,367269,61646.17899385107,2461646.6793659846,145830401.33292955,-14.346128103468224,339.0526433642085,0.3173242678524924,-11.060000593997696,0.1779759002377551,270887356.074886,-109221563.4366041,-53143745.01222879,3.33003768612954,38.47555276915548,18.614619425178976,137224512.1244087,-58054060.77472754,-25168098.972494613,12.198664944983255,25.073002724417883,10.71772717313035,1.2441520910966528,COM,1.829831,2.947914,2.384,1.419,0.71,61681.126381,60796.001439,22.52,0.15,33.6,29.2,r,0.7046468725871103,0.7939742975512291,24.440798877609787,337.7214352589172,-9.915290726056089,79.07668627833318,22.52,24.102327995092462,24.168834474702486,24.34408986482758,2.052372810774007e-05,0.1733834383586546,5.436860884428803,0.18331475617935766,24.210785767206186,24.07187286090121,339.05262587140754,-11.060016479429013,True,61652.0,296872981.6515862
A_M_2.3999999999999995_1.0_595,367271,61646.17988843622,2461646.6802609847,145829292.02405122,-14.343529624553112,339.05293274070056,0.3173169450564835,-11.05984129760937,0.1779936592086857,270887613.5882958,-109218588.0547998,-53142305.511141896,3.329931437796389,38.475595609408536,18.614640269672304,137225455.33070982,-58052121.87939692,-25167270.188887157,12.19628103678938,25.074294948253616,10.71780841667478,1.243990332198959,COM,1.829831,2.947914,2.384,1.419,0.71,61681.126381,60796.001439,22.52,0.15,33.6,29.2,r,0.6603858235657585,0.740128739131093,24.517544503484867,340.3474638614901,-11.212903525396532,84.03504625731483,22.52,24.10228646159014,24.178143047604472,24.492653928153103,1.7042914328521512e-05,0.1543609066336063,6.110612080139708,0.16455568009555704,24.159683867761004,24.015146953174586,339.0529421973775,-11.059830603071118,True,61652.0,296871864.2904468
A_M_2.3999999999999995_1.0_595,368993,61648.180211291394,2461648.680583984,143437579.731985,-13.437358199880974,339.73671252291047,0.3269274682991941,-10.695495992859552,0.1856714703723584,271442437.5296443,-102560450.9223172,-49921050.28906426,3.08923380084496,38.569578554035616,18.660377103494135,139219725.19009522,-53746076.85215087,-23300559.96525003,11.25927025840594,25.45739093191588,10.880861254331316,1.027357569378069,COM,1.829831,2.947914,2.384,1.419,0.71,61681.126381,60796.001439,22.52,0.15,33.6,29.2,r,0.78591327235093,0.8928385308405474,24.315754581179355,338.68921775604014,-10.989445601956675,143.22623775148702,22.52,24.025392805175734,24.08208364988496,24.30424656293654,2.1888359643743186e-05,0.16651733487030107,5.730494931195908,0.17463717199656573,24.136310708458186,24.38586762638686,339.7367001421733,-10.695481908521478,True,61652.0,294434634.9317403
A_M_2.3999999999999995_1.0_595,369859,61649.145535996,2461649.645907984,142339178.71000734,-13.082641958769251,340.0741734836102,0.3323943248104698,-10.51415319523732,0.1889156650720652,271695173.83800685,-99341610.20164686,-48363735.05789658,2.970785290246451,38.613609932063966,18.681811099640694,140124009.10559535,-51646424.2197775,-22389908.98334732,10.875315597829545,25.583875801374013,10.95446822365059,1.0349044713612876,COM,1.829831,2.947914,2.384,1.419,0.71,61681.126381,60796.001439,22.19,0.15,33.6,29.2,i,0.7615330480730939,0.8631788905998709,23.8931891190973,339.6115955023145,-10.607382518086613,144.45218790464384,22.52,23.671153485914914,23.733536311855374,23.8931891190973,2.2460620080923865e-05,0.17565371646876352,5.380894482828249,0.18506771803535524,23.301024644322666,23.715439897793907,340.0741702537879,-10.514152245168072,True,61652.0,293302018.18785894
A_M_2.3999999999999995_1.0_595,369910,61649.16976003511,2461649.670132984,142311867.0150257,-13.013423647139408,340.08235744426804,0.3319809063047412,-10.509571093064691,0.1893820120909174,271701388.95100784,-99260785.70924447,-48324631.02090922,2.9677938014877903,38.61470331004858,18.682343398151072,140146707.63015088,-51592834.13299603,-22366978.80822707,10.813329624868038,25.62273142054921,10.95641495539611,1.0360730043439983,COM,1.829831,2.947914,2.384,1.419,0.71,61681.126381,60796.001439,22.02,0.15,33.6,29.2,z,0.71558634679659,0.8072826603364841,23.382411465925866,339.6115955023145,-10.607382518086613,144.45218790464384,22.52,23.50065629497603,23.57136559260662,23.382411465925866,2.8926624576601495e-05,0.23479782416656172,3.8835184914015572,0.248768647796222,23.4811957561303,23.2735172623282,340.0823292381207,-10.509590293333874,True,61652.0,293273964.5806126
A_M_2.3999999999999995_1.0_595,373549,61653.15855528494,2461653.658927983,138161221.93671647,-11.221077421900636,341.5259211928616,0.3528867523573392,-9.720946611895974,0.20521722187112,272637907.8869552,-85922315.14427756,-41871193.71433094,2.462803767570967,38.78641062655196,18.765974988950354,143478050.53276747,-42770996.64396951,-18542708.83044985,8.91525708624693,26.248221592727266,11.226675703490317,1.6928867800664789,COM,1.829831,2.947914,2.384,1.419,0.71,61681.126381,60796.001439,22.52,0.15,33.6,29.2,r,0.891361090463433,1.0211205480090426,24.1631951642551,339.83492964548054,-9.253014661671585,92.06540203010829,22.52,23.970583120769557,24.021938166322222,24.068237818795648,2.9013653964134945e-05,0.19287617430043894,4.909255694166306,0.20129282457888212,23.697602955898326,23.946707710372706,341.52589277797415,-9.720990547895866,True,61652.0,288907026.4285579
A_M_2.3999999999999995_1.0_595,373600,61653.18289696077,2461653.6832689834,138137696.9512111,-11.149880089009669,341.53463331657923,0.3527356088299333,-9.71594581006018,0.2056791960442748,272643084.19221795,-85840740.81190751,-41831725.71521016,2.4596478183973,38.7874047797638,18.766459449882447,143496729.89822972,-42715761.73121236,-18519096.716191266,8.848024671973898,26.278435429028463,11.22830771597376,1.6987606533182058,COM,1.829831,2.947914,2.384,1.419,0.71,61681.126381,60796.001439,23.25,0.15,33.6,29.2,g,0.9247263238314123,1.061710856242594,24.528635261098422,339.83492964548054,-9.253014661671585,92.06540203010829,22.52,24.700582618340743,24.74827538987625,24.431839751305176,4.175699648036419e-05,0.2597966945144191,3.541538025345307,0.27002761408785336,24.583155841580496,24.171841028574335,341.5346340600171,-9.715867056429598,True,61652.0,288881943.7370472
A_M_2.3999999999999995_1.0_595,374433,61654.14292218716,2461654.643294983,137232760.6163729,-10.808326921474402,341.89521843914315,0.3585128336591597,-9.516510609100408,0.2089953258640987,272841928.12866896,-82621743.2906052,-40274276.66421118,2.334475933986784,38.82606164510909,18.78529997261226,144198681.2429375,-40562765.91920211,-17585335.755494233,8.467872251256857,26.365904509671683,11.284947352860152,1.928916221733416,COM,1.829831,2.947914,2.384,1.419,0.71,61681.126381,60796.001439,23.25,0.15,33.6,29.2,g,0.6741192226356791,0.7568360372696826,24.7802650660541,342.4083114635057,-9.571671885449662,111.4360026932421,22.52,24.700338067293224,24.79319266831355,24.7802650660541,2.335681087753434e-05,0.2037390844474367,4.451998950679989,0.22000177568756563,24.294971343165958,24.667047011500884,341.8952223732083,-9.516514853475401,True,61652.0,287908123.4876395
A_M_2.3999999999999995_1.0_595,374484,61654.16719459124,2461654.667566983,137210166.6967081,-10.738189552370873,341.90403672518744,0.3581698644973136,-9.511432429613912,0.2094458294062882,272846820.59971845,-82540317.18902689,-40234880.08832426,2.331293697198116,38.827024833712464,18.78576947816524,144216372.17551106,-40507436.51197387,-17561668.469447445,8.40313395682862,26.400266327300944,11.286488454337224,1.9351250466699932,COM,1.829831,2.947914,2.384,1.419,0.71,61681.126381,60796.001439,22.52,0.15,33.6,29.2,r,0.6432176666479237,0.7192429034646274,24.510413576843604,342.4083114635057,-9.571671885449662,111.4360026932421,22.52,23.970360941325414,24.072253608179757,24.510413576843604,1.496912508005649e-05,0.13960006408927472,6.646123287766191,0.15218225769083543,24.01538376910899,24.01122562767338,341.9040383018562,-9.511433691056025,True,61652.0,287883895.0840459
A_M_2.3999999999999995_1.0_595,377209,61657.22088274475,2461657.721254983,134574626.40850806,-9.203012985383909,343.08174405005803,0.3751175923411834,-8.852070094214568,0.2225893749088626,273408513.289636,-72280431.05475311,-35270757.15822509,1.924219744188634,38.94236277506217,18.842018846895936,146191707.40253654,-33584729.56303819,-14561892.898259597,6.766068458650043,26.81200883088568,11.44736170088865,2.720862814387745,COM,1.829831,2.947914,2.384,1.419,0.71,61681.126381,60796.001439,22.19,0.15,33.6,29.2,i,0.7355651805373209,0.8315878108726532,23.791527581945097,344.2659647185084,-9.099413887183784,79.90196894809424,22.52,23.64262143580978,23.72818900242295,23.773420390729676,2.4156881816932514e-05,0.19409230291508237,4.726210352406851,0.20838562662105115,23.692841026103757,23.57711947199427,343.08174390045355,-8.852071295215842,True,61652.0,284992459.8357375
A_M_2.3999999999999995_1.0_595,383706,61673.19637717752,2461673.696749981,126850201.39691617,-1.7374306472287426,350.0363869366843,0.4555742235214158,-4.834205597952677,0.2772168524886456,274501883.6531323,-18220256.96532765,-9112383.163745755,-0.3815800328663951,39.31926137427679,19.02687833963973,150009293.35256115,3649634.855287446,1577630.23413709,-1.285839206446735,27.625733936516056,11.802302336181723,6.819685633169189,COM,1.829831,2.947914,2.384,1.419,0.71,61681.126381,60796.001439,23.25,0.15,33.6,29.2,g,0.8315702990104946,0.9483823588935457,24.630063251113086,350.194087314225,-4.633917099914221,103.67453700359654,22.52,24.741972159666613,24.83921895611697,24.630063251113086,3.445369162626065e-05,0.24034787910520564,3.6932268450430437,0.26016390621271124,24.90986788533929,24.841471252704356,350.0363421160257,-4.834240899582832,True,61652.0,275256784.51206845
A_M_2.3999999999999995_1.0_595,383757,61673.220812218446,2461673.721184981,126846608.08820128,-1.6670156716796214,350.0475680150041,0.4564027740458933,-4.8274287621547725,0.2774641428317043,274501074.17012966,-18137246.040366795,-9072213.565459212,-0.3852678880344023,39.31950559683742,19.02700048393457,150006500.58821207,3707950.597190133,1602547.1346549988,-1.3596353713941467,27.617275913533827,11.802366454907167,6.825848061625914,COM,1.829831,2.947914,2.384,1.419,0.71,61681.126381,60796.001439,22.52,0.15,33.6,29.2,r,0.5860917500971341,0.6497466546193845,24.617558631667094,350.194087314225,-4.633917099914221,103.67453700359654,22.52,24.012136267251638,24.202068331132033,24.617558631667094,1.4114684670172138e-05,0.14385194411400334,5.9425764058034245,0.1688647342944111,23.94593639583617,24.08467876567115,350.04756449672874,-4.8274226464238,True,61652.0,275249167.9795983
A_M_2.3999999999999995_1.0_595,384336,61674.16865452144,2461674.669026981,126716151.44042492,-1.3333235440902833,350.49808102503744,0.4591571544169396,-4.563798251049774,0.2793897411843741,274463659.36485666,-14916850.577100685,-7513834.006016336,-0.5285388417898149,39.32813156202272,19.0313286294548,149882304.23595455,5935207.83531367,2568856.611290837,-1.719115313103414,27.61086234525786,11.7963475177979,7.050275465702916,COM,1.829831,2.947914,2.384,1.419,0.71,61681.126381,60796.001439,22.19,0.15,33.6,29.2,i,0.6611153646897727,0.7410162587466821,24.05527231214004,351.64342185904775,-3.930334580925025,27.82964416001006,22.52,23.6880124023037,23.841282351226262,24.0284963250973,1.9358462170207897e-05,0.1740509346488996,5.003650666907743,0.19782108144646687,23.522207504573316,23.828033073967898,350.49808052860055,-4.563789180841064,True,61652.0,274971399.3210159
A_M_2.3999999999999995_1.0_595,386146,61676.21726768999,2461676.717639981,126563931.80406614,-0.2123966789313376,351.4809684080972,0.4681773684752759,-3.9868152900259672,0.2842699274648289,274342615.4808115,-7954483.273758485,-4144636.006945702,-0.839433556640796,39.34108387870983,19.037930542384103,149477995.88474104,10749063.16941858,4654963.829459172,-2.9027873662851715,27.5469237103528,11.772938265189005,7.528867566001056,COM,1.829831,2.947914,2.384,1.419,0.71,61681.126381,60796.001439,22.19,0.15,33.6,29.2,i,0.7214204671811897,0.8143801303907416,23.910836839363473,350.0259184928134,-3.421134099888802,13.47642646496626,22.52,23.702944346275686,23.837185508548355,23.851618816557455,2.4584051949469483e-05,0.20080335007292113,4.356121884829913,0.22437607116283187,23.66189709164309,23.897364305926153,351.48096045929793,-3.9868298377940716,True,61652.0,274489202.8489189
A_M_2.3999999999999995_1.0_1014,562093,61992.16565888244,2461992.666030989,135474047.24002203,-32.22223537117709,277.85229980981586,-0.235646717149782,-27.091721526413533,-0.0146807834116738,126856378.06271648,-214908685.312567,-103066032.45644388,9.932225513136508,47.73732236813015,22.88955264924615,110378703.22887813,-95429928.909114,-41368946.01027244,20.266509615376098,20.019587283444466,8.572650564918387,21.09817938643282,COM,0.994798,3.151944,2.181,0.392,3.356,62042.066234,60796.001439,19.94,0.15,33.6,29.2,r,0.9414761121914931,1.0820877277268772,23.557716332119508,277.63555029014975,-27.62036323124935,17.201386122702527,19.94,22.041366256329546,22.057188821858187,23.557716332119508,8.660966211781863e-06,0.05532852824958477,18.863556436621078,0.05608358224421344,22.063398320743946,22.030584987770226,277.85229777370824,-27.09172513010417,True,61995.0,270001649.4843681
A_M_2.3999999999999995_1.0_1014,562145,61992.19029390622,2461992.690665989,135405508.88775736,-32.169227989983625,277.84579565899924,-0.2344067486827718,-27.092071983376147,-0.0137857775775186,126877518.77933057,-214807063.9424774,-103017306.05967928,9.930403788120584,47.74040778985718,22.891032356372925,110421788.07243232,-95387258.4814974,-41350695.74488839,20.21671829906313,20.074396681889027,8.576118725634721,21.119115467492747,COM,0.994798,3.151944,2.181,0.392,3.356,62042.066234,60796.001439,19.610000000000003,0.15,33.6,29.2,i,0.8325124618014418,0.9495285423375204,23.49146064383033,277.63555029014975,-27.62036323124935,17.201386122702527,19.94,21.710198257835785,21.730437665701245,23.49146064383033,6.414993711037156e-06,0.04432987047483152,23.577351694739363,0.045100155995261876,21.671765133413675,21.64635478667787,277.84579846958417,-27.092077726748293,True,61995.0,269912105.7658967
A_M_2.3999999999999995_1.0_1014,562977,61993.16425606268,2461993.6646289886,132689731.29176876,-31.96400312851133,277.60255763971134,-0.2355168970679947,-27.109121302192698,-0.0135381534126201,127710176.71994756,-210784086.9404039,-101088329.67921062,9.856654964786838,47.8636905236207,22.95015642615515,112083821.20981067,-93709865.13007082,-40623394.45839408,19.9018292871854,20.332891725264357,8.707543369035333,21.943230515412143,COM,0.994798,3.151944,2.181,0.392,3.356,62042.066234,60796.001439,20.67,0.15,33.6,29.2,g,0.9350511903773661,1.074271521140348,23.769451759798454,276.7597264588723,-27.96017797024312,-59.966077995542236,19.94,22.723103159108238,22.739126840889785,23.75523413580641,1.2820740937208788e-05,0.08387449401786339,12.274293004885076,0.08503728334928738,22.815417555757342,22.775210021641218,277.6025876442325,-27.109114199502088,True,61995.0,266380688.00585517
A_M_2.3999999999999995_1.0_1014,562981,61993.16604745006,2461993.666419989,132684784.56082796,-31.960038846023423,277.602083853738,-0.2354329754697509,-27.10914548724193,-0.0134692258791404,127711702.11462824,-210776679.58891076,-101084777.92895204,9.856516194452126,47.86391957164002,22.95026627346437,112086900.60401168,-93706718.44657588,-40622047.01279704,19.898419921861837,20.33705325796557,8.707791056907249,21.944783381305832,COM,0.994798,3.151944,2.181,0.392,3.356,62042.066234,60796.001439,20.67,0.15,33.6,29.2,g,0.9300276699411221,1.0681601824101241,23.77690084571786,279.1915383243703,-26.157445470024243,-55.3315373131131,19.94,22.723017204398847,22.739210107146015,23.68773437627406,1.3513085437719205e-05,0.08889133752665643,11.552432833410538,0.09013613503007055,22.793400187335408,22.75808089398646,277.6021003386738,-27.10913964850772,True,61995.0,266374210.17149433
A_M_2.3999999999999995_1.0_1014,563028,61993.18848071287,2461993.6888529886,132622875.366352,-31.91246464401201,277.59616499975283,-0.2342442215163098,-27.10943825855544,-0.0126453139877505,127730806.47485398,-210683896.53819084,-101040289.39256552,9.854777041973422,47.8667892236008,22.95164250698164,112125424.3147681,-93667252.2755321,-40605166.46241024,19.85240016889426,20.38638059896241,8.710902196076065,21.964223366378043,COM,0.994798,3.151944,2.181,0.392,3.356,62042.066234,60796.001439,19.94,0.15,33.6,29.2,r,1.098726948667692,1.273390448500842,23.446642436168503,276.7597264588723,-27.96017797024312,-59.966077995542236,19.94,21.991940701284527,22.00326821014825,23.432646442903547,1.0553847733303494e-05,0.05874954871892116,17.806644833981665,0.05932306611937967,22.032206224571176,21.953775834732568,277.5961630897717,-27.109425176133144,True,61995.0,266293077.7616367
A_M_2.3999999999999995_1.0_1014,563032,61993.19026533042,2461993.690637989,132617953.12969658,-31.90885855960284,277.595695373099,-0.2341390734755132,-27.10946077489222,-0.0125831593587971,127732326.46940812,-210676513.52550068,-101036749.3124733,9.854638577656845,47.86701762099669,22.951752042273977,112128485.73059382,-93664107.92091352,-40603823.01285005,19.84848710638618,20.39006897933828,8.71115041116247,21.96576930490698,COM,0.994798,3.151944,2.181,0.392,3.356,62042.066234,60796.001439,19.94,0.15,33.6,29.2,r,1.0908062721803728,1.2637545890272175,23.455707495527843,279.1915383243703,-26.157445470024243,-55.3315373131131,19.94,21.99185504789716,22.00334356939367,23.3652759966381,1.1082131473122894e-05,0.06225170200919696,16.774741087009453,0.06286864418666027,22.054281101791368,21.95597566520884,277.5956836523404,-27.109457722961682,True,61995.0,266286622.43563703
A_M_2.3999999999999995_1.0_1014,565848,61996.14474224005,2461996.645114989,124503815.91977336,-31.28292458505168,276.8612351951268,-0.2343384139638853,-27.15497677130506,-0.0105307318324792,130217479.01694572,-198407085.6258452,-95153677.79227762,9.608529182660083,48.25703301945554,23.13879756496216,116983081.004375,-88420032.45636691,-38330275.721264295,18.80135172894892,21.205909538278856,9.096895358588744,24.56620516578153,COM,0.994798,3.151944,2.181,0.392,3.356,62042.066234,60796.001439,20.67,0.15,33.6,29.2,g,1.0854379802840057,1.257223820296844,24.37482306920499,278.11689259081874,-27.7439352347306,-15.637876817936776,19.94,22.575446482058876,22.587062953056034,24.351429446505158,8.001668142045928e-06,0.044127608333595775,23.865882691025536,0.044565947184058124,22.576199055252513,22.560293686986252,276.8612429603372,-27.154972743152815,True,61995.0,255687672.49413246
A_M_2.3999999999999995_1.0_1014,565899,61996.16895759892,2461996.6693299883,124438410.76406552,-31.23046711102298,276.85487404200506,-0.233085730907204,-27.15521963918806,-0.0095428028335964,130237581.58346993,-198306109.44163543,-95105260.65283616,9.606364754242064,48.26032996555482,23.140378740602973,117022369.45115282,-88375606.53253086,-38311240.08785495,18.754904233897907,21.26177468084513,9.100079487430166,24.588475238520825,COM,0.994798,3.151944,2.181,0.392,3.356,62042.066234,60796.001439,19.94,0.15,33.6,29.2,r,0.9771952556719432,1.1255416735668409,24.060940884488726,278.11689259081874,-27.7439352347306,-15.637876817936776,19.94,21.844240298193856,21.858537873530057,24.037162834676526,5.491390376022714e-06,0.031128520325971853,33.9672273372366,0.03150274793952789,21.800026851882237,21.89431197876894,276.8548731929529,-27.155214821964666,True,61995.0,255601547.92651936
A_M_2.3999999999999995_1.0_1014,570200,62003.15522626701,2462003.6555989864,105868566.31883268,-29.956524097633626,275.1804661747316,-0.2185804353981099,-27.222631876944494,5.00809859029421e-05,135824881.87384945,-168871264.8386548,-80991495.89740545,8.862345521789733,49.281993212381366,23.630364660969825,127324503.41217612,-75113698.81501661,-32562003.707867462,15.92436012615112,23.17513061729131,9.925728542830427,31.38377266867817,COM,0.994798,3.151944,2.181,0.392,3.356,62042.066234,60796.001439,19.94,0.15,33.6,29.2,r,1.251891549101571,1.4597220791989916,23.753204110722056,276.51701409454967,-25.963079672112908,11.120709187546407,19.94,21.474816032967514,21.48232748211111,23.657176118074016,6.682869918571971e-06,0.03117702100087221,34.10935649823673,0.03137335854913551,21.465853794527533,21.471598777460915,275.1804597908367,-27.222626445028983,True,61995.0,231355840.71285444
A_M_2.3999999999999995_1.0_1014,570975,62004.14621325923,2462004.646585986,103289722.89767917,-29.83651755755273,274.95534492185345,-0.2158198740336923,-27.2273090572351,0.0012365250559433,136578338.63719612,-164644577.77765015,-78964828.81064656,8.734598503953686,49.43838945148059,23.70537332482463,128644826.55783398,-73142808.16732119,-31707528.839697715,15.512829155318611,23.407865567602297,10.0314762308201,32.42705457593971,COM,0.994798,3.151944,2.181,0.392,3.356,62042.066234,60796.001439,20.67,0.15,33.6,29.2,g,1.0588350110193814,1.2248601107291743,24.354861577859207,273.7187721155411,-28.24011391117449,-13.507345146098128,19.94,22.149468091031032,22.159840418457936,24.306597256568544,5.955847317340825e-06,0.03193910685096578,33.20252594086273,0.032217640693310665,22.15456059918091,22.215608723228865,274.9553460214926,-27.227296135701604,True,61995.0,228028339.82988173
A_M_2.3999999999999995_1.0_1014,570979,62004.14800214453,2462004.648374986,103285110.51692884,-29.83305395842532,274.9549108444705,-0.2156845042926817,-27.22730677137997,0.0013188209074763,136579688.8566431,-164636935.32328746,-78961164.30548008,8.734362178111546,49.438674346110965,23.705509962579207,128647224.07770824,-73139189.72730349,-31705978.263334785,15.509047486313133,23.41168766916189,10.03167284375067,32.42898393502213,COM,0.994798,3.151944,2.181,0.392,3.356,62042.066234,60796.001439,20.67,0.15,33.6,29.2,g,1.0118335969979118,1.1676807749366325,24.408693532791776,275.57530439189065,-25.729699517723077,-9.043232668901899,19.94,22.149368909531702,22.160756633748377,24.34182004114291,5.62495311962143e-06,0.031042769683240844,34.14666139906406,0.031339573399317616,22.159165164704476,22.157632750283256,274.95491343772215,-27.227310618493277,True,61995.0,228022361.5115386
A_M_2.3999999999999995_1.0_1014,571017,62004.16631152881,2462004.666683986,103237936.32683513,-29.79925427598153,274.95048486599103,-0.2141884274258189,-27.227275168556275,0.0021207546863916,136593505.18391943,-164558718.31575036,-78923659.77920538,8.73194236677698,49.44159054517984,23.70690859518001,128671726.01528944,-73102125.00840919,-31690107.58965776,15.468230916884949,23.44876297238961,10.033690404928777,32.44871881757157,COM,0.994798,3.151944,2.181,0.392,3.356,62042.066234,60796.001439,19.94,0.15,33.6,29.2,r,1.201467844066576,1.3983793723437665,23.767943536986735,273.7187721155411,-28.24011391117449,-13.507345146098128,19.94,21.41835388973318,21.426211344305965,23.720381684529563,5.961515135502642e-06,0.02823006875925299,37.71245298756039,0.028414772916884917,21.428348573495477,21.420142133546044,274.9504822119959,-27.227262981295468,True,61995.0,227961184.20708308
A_M_2.3999999999999995_1.0_1014,571021,62004.16809994725,2462004.668471986,103233332.25556852,-29.796123355740903,274.9500543331223,-0.2140319201655725,-27.227271310236397,0.0021949109465114,136594854.23825693,-164551079.63873023,-78919997.08519231,8.731705937981381,49.44187538365535,23.707045206019515,128674115.27457269,-73098502.30419141,-31688557.53770468,15.464047813854709,23.45217506233005,10.033887933071354,32.45064495701851,COM,0.994798,3.151944,2.181,0.392,3.356,62042.066234,60796.001439,19.94,0.15,33.6,29.2,r,1.1979222278008808,1.3940659705606822,23.775252360189523,275.57530439189065,-25.729699517723077,-9.043232668901899,19.94,21.41825476416504,21.426149144604434,23.708074934361147,5.995974965275243e-06,0.028518701198484087,37.32441034218154,0.028706315381218334,21.408526508047107,21.379550681602918,274.9500459314613,-27.22726780790123,True,61995.0,227955210.41329402
A_M_2.3999999999999995_1.0_1014,572142,62006.14811418965,2462006.6484869854,98111744.49576752,-29.597452078865985,274.5131253552424,-0.2078892858093216,-27.232653785653167,0.0046140531334413,138065616.16238695,-156064748.11513442,-74850855.27093293,8.456600767070544,49.76287567251402,23.86100054325412,131201187.48659465,-69098620.76798296,-29954455.401937176,14.632726826968822,23.893803914827792,10.235652136477912,34.60021271381311,COM,0.994798,3.151944,2.181,0.392,3.356,62042.066234,60796.001439,19.94,0.15,33.6,29.2,r,1.0211234538066825,1.1789823039010736,23.98123363737797,275.4695624569382,-27.101150896249926,-57.09288068266713,19.94,21.305160598426475,21.31555279511374,23.9766890830576,4.320716557666672e-06,0.020910574236693843,50.990142551703265,0.021086955281687716,21.34819941045078,21.32512591812658,274.5131242110847,-27.23265383062718,True,61995.0,221406798.6881389
A_M_2.3999999999999995_1.0_1014,572193,62006.17271242779,2462006.673084985,98048876.70922068,-29.555039676283524,274.5074048140599,-0.2056179340413105,-27.232526771064467,0.0056875318821302,138083586.65744367,-155958973.9587418,-74800137.19666228,8.45301035817907,49.76693268830586,23.86294634659192,131232226.10234174,-69047788.89518218,-29932699.18944332,14.575347041087126,23.940738385746258,10.238211350888475,34.627817817720874,COM,0.994798,3.151944,2.181,0.392,3.356,62042.066234,60796.001439,19.610000000000003,0.15,33.6,29.2,i,1.0105228864140743,1.1660862365134723,23.485012651429923,275.4695624569382,-27.101150896249926,-57.09288068266713,19.94,20.973755570716612,20.984150830872927,23.480357307986875,4.667075427115947e-06,0.02391203260992808,44.522443683296146,0.024116435164340772,20.9529859662213,20.962688395423054,274.50739899737727,-27.232529150690326,True,61995.0,221326317.8817349
A_M_2.3999999999999995_1.0_1014,572264,62006.204925072685,2462006.7052979856,97966670.4659636,-29.50934003594914,274.5000167620256,-0.2021555518021231,-27.232324178872805,0.0068392200831142,138107108.86990568,-155820441.42589447,-74733711.67557363,8.448301804490555,49.77224819732066,23.86549574195249,131272677.69895336,-68981084.51398334,-29904199.47789374,14.491593381729448,23.990435621144087,10.24158424794628,34.66389934067133,COM,0.994798,3.151944,2.181,0.392,3.356,62042.066234,60796.001439,19.610000000000003,0.15,33.6,29.2,i,0.9953988708319769,1.1476871907931592,23.40727368200884,275.4695624569382,-27.101150896249926,-54.18152482047177,19.94,20.971914808827794,20.9822917944486,23.402475332560527,4.816531193158897e-06,0.025450995031965365,41.798951455510704,0.02566935445391362,21.009990806473386,20.970223502665316,274.5000151128794,-27.232322865434238,True,61995.0,221220955.4887881
A_M_2.3999999999999995_1.0_1014,574073,62010.2214135877,2462010.721785985,87673752.58793142,-29.192343701033383,273.6750287118668,-0.1799935914410083,-27.225655585927186,0.0143434415848764,140930080.1064425,-138428998.6144609,-66394603.99854169,7.79807733409752,50.456534677893,24.193694555936347,135933015.17790958,-60628794.36669488,-26284200.68523991,12.636784621953982,24.87217769415302,10.61231065707912,39.31037211983229,COM,0.994798,3.151944,2.181,0.392,3.356,62042.066234,60796.001439,19.26,0.15,33.6,29.2,y,0.987255142013509,1.137779978118624,21.550715122094957,274.1676488168447,-25.89061251334334,8.931679260956422,19.94,20.38114107083283,20.389570648743085,21.51459778120267,1.2285803831588858e-05,0.07622904253428132,13.646144596430606,0.0767833716299518,20.495150664444058,20.418579564677774,273.67501841359956,-27.22564516303594,True,61995.0,208403739.35304973
A_M_2.3999999999999995_1.0_1014,577827,62017.11176980218,2462017.612141984,70129348.00921163,-29.252237052161853,272.49332520760527,-0.1538009955509159,-27.157140578922927,0.024431263553771,145161599.58024007,-108018885.18613157,-51813029.96205574,6.334646466068937,51.70837178816465,24.794134602977053,142447092.72082192,-45679805.7397174,-19803717.590794884,9.63764178123424,25.958307033949563,11.134391734879156,48.26661086614091,COM,0.994798,3.151944,2.181,0.392,3.356,62042.066234,60796.001439,19.26,0.15,33.6,29.2,y,0.8245701242561464,0.9398663312118569,22.041385822105042,270.6793902536997,-26.732494482441425,29.528163579640704,19.94,19.92445299360889,19.933635366715016,21.96009214036518,5.324931079382668e-06,0.035310942181375406,30.01375838353727,0.03558504269199318,19.85871589326559,19.982560330764947,272.49331923417424,-27.15713550231635,True,61995.0,188214132.36895236
A_M_2.3999999999999995_1.0_1014,577828,62017.112217169466,2462017.612589984,70128215.53607288,-29.251466394787474,272.49324778092733,-0.1537480537031391,-27.157129627135227,0.0244606202614205,145161844.79851907,-108016883.50219376,-51812070.15575753,6.334534613847041,51.70845502370972,24.79417452833735,142447465.74833217,-45678800.94829388,-19803286.608909577,9.636672799236283,25.959221178184837,11.134423305156004,48.2672475630856,COM,0.994798,3.151944,2.181,0.392,3.356,62042.066234,60796.001439,19.26,0.15,33.6,29.2,y,0.8096412092419257,0.9217046341142648,22.074775480058722,273.42152373378116,-28.50469408502435,26.139135531533427,19.94,19.924421646849442,19.93396035554411,22.01183362739666,5.0934319497514825e-06,0.03381888036732268,31.350834012601457,0.034090956754777565,19.937389077967058,19.949405977432384,272.4932396049746,-27.157119167586295,True,61995.0,188212908.48573852
A_M_2.3999999999999995_1.0_1014,577878,62017.13589225483,2462017.636264984,70068409.49967855,-29.21346572801821,272.4891962250083,-0.1507078898063815,-27.15653292304057,0.0259145110907177,145174797.43118307,-107911098.0076816,-51761346.07114279,6.328620301478342,51.71285380085552,24.7962844777959,142467123.12465957,-45625653.61323694,-19780509.211376622,9.582225073499531,26.00432331789189,11.13609998834916,48.3008685528168,COM,0.994798,3.151944,2.181,0.392,3.356,62042.066234,60796.001439,19.44,0.15,33.6,29.2,z,0.7393999515394127,0.8362529824080447,22.91445719838357,270.6793902536997,-26.732494482441425,29.528163579640704,19.94,20.102764946590362,20.11392781207761,22.833889737335262,3.5960703421827706e-06,0.019936909019294694,53.47344106945879,0.020116695239618624,20.0906009163572,20.124948838755333,272.48919809397523,-27.15652521343157,True,61995.0,188148249.60521188
A_M_2.3999999999999995_1.0_1014,577879,62017.13633973212,2462017.6367119835,70067281.05056126,-29.21280257300118,272.4891205277538,-0.15064612467379,-27.156521333553577,0.025940015535792,145175041.86918062,-107909100.6200117,-51760388.3248735,6.32850857156794,51.712936854868936,24.796324316095404,142467493.17682117,-45624649.29044041,-19780079.125756808,9.581139077907302,26.005111259457493,11.13613179336584,48.301502815326856,COM,0.994798,3.151944,2.181,0.392,3.356,62042.066234,60796.001439,19.44,0.15,33.6,29.2,z,0.7218981792451986,0.814961288619463,22.951760309953663,273.42152373378116,-28.50469408502435,26.139135531533427,19.94,20.102733661982697,20.11447228833877,22.888348608282584,3.5032985053125322e-06,0.019094882771732106,55.82980991981627,0.01927513553126544,20.075530090785943,20.11505221988753,272.4891188865455,-27.1565192258857,True,61995.0,188147029.14975792
A_M_2.3999999999999995_1.0_1014,578717,62018.09732211002,2462018.597694984,67617206.74030112,-29.304978415982035,272.3511021515993,-0.149635582111006,-27.14029702817615,0.0260092702384526,145690417.5316924,-103607591.0073995,-49697815.611264095,6.082782307302696,51.89160967486905,24.882028452832262,143221983.0595614,-43486219.211220026,-18852813.877385523,9.188902105283267,26.08115580174511,11.19768370884141,49.66066134018524,COM,0.994798,3.151944,2.181,0.392,3.356,62042.066234,60796.001439,19.610000000000003,0.15,33.6,29.2,i,0.7104355032783752,0.8010164273459552,23.321667708766615,271.70188406686015,-28.22129099578559,21.707023496932823,19.94,20.203457549106943,20.21544962689237,23.301240435327678,3.2257462124773e-06,0.014934388475294783,71.52832455835603,0.015073981680357512,20.189448109431467,20.21996391681305,272.35110330258215,-27.140287865923337,True,61995.0,185553505.8990981
A_M_2.3999999999999995_1.0_1014,579206,62021.117349891545,2462021.6177219828,59898072.19042931,-29.404293857784893,271.9569092176723,-0.1296239956263853,-27.074393461962,0.03647176182408,147169745.2450542,-89993033.76099499,-43169621.655516654,5.235522119452587,52.450838611336906,25.150283238519545,145348495.27799174,-36689918.49172532,-15907193.236934667,7.690914953181363,26.538427781470613,11.373945894351918,54.12508529553411,COM,0.994798,3.151944,2.181,0.392,3.356,62042.066234,60796.001439,19.44,0.15,33.6,29.2,z,2.165368380977638,2.571007762746518,21.91377048246959,272.8958692324111,-26.445655939614976,-11.258301525394593,19.94,19.804411288801624,19.805336170937913,21.9031980105773,1.15414880306644e-05,0.03318894614170508,32.19096616723989,0.03321470747914436,19.789693341937443,19.75524122394913,271.95691168170475,-27.074397590046352,True,61995.0,177823778.7105037
A_M_2.3999999999999995_1.0_1014,579257,62021.14148554611,2462021.6418579826,59836778.15276175,-29.37075784852463,271.95344847746765,-0.1256374538955669,-27.07349384706193,0.0380295086404491,147180656.65713793,-89883640.03977482,-43117167.14402739,5.228274190694215,52.45526805735332,25.15240804745528,145364472.09613433,-36634532.994210005,-15883473.08330221,7.631041612859956,26.57899859084953,11.37537842868665,54.16245423266963,COM,0.994798,3.151944,2.181,0.392,3.356,62042.066234,60796.001439,19.610000000000003,0.15,33.6,29.2,i,2.787315813834338,3.327634810017443,21.994427230853596,272.8958692324111,-26.445655939614976,-11.258301525394593,19.94,19.97253627724875,19.973061149777536,21.983757682226585,1.577864987299964e-05,0.03570768632900048,29.895532062969906,0.0357234790355005,19.94832068356042,19.94315668539612,271.95342492195283,-27.073478415856396,True,61995.0,177764744.93934992
A_M_2.3999999999999995_1.0_1014,581770,62028.99073996589,2462029.4911119817,39515432.18479872,-30.23375084697497,271.2222721990918,-0.1141516462485398,-26.75058567683592,0.067819139592498,149831150.97542143,-53839060.65803119,-25833609.8569136,2.444008233221875,53.78568546933526,25.79068035235871,149078457.6278706,-18560822.371136747,-8047414.7368472,3.926056870693395,27.056974169791243,11.698719979908294,67.18290726301872,COM,0.994798,3.151944,2.181,0.392,3.356,62042.066234,60796.001439,20.67,0.15,34.4,30.0,g,0.8132559414940886,0.9261021186059473,24.643678639353887,271.2052095626668,-26.434795871553494,87.05542963610851,19.94,20.30795029368293,20.315220625332824,24.643678639353887,2.881938053108753e-06,0.006132951504091603,175.69567761109644,0.006162121193413058,20.31572520486101,20.31103851659772,271.2222674182425,-26.75058615863688,True,61995.0,161292881.59555557
A_M_2.3999999999999995_1.0_1014,581837,62029.04013310952,2462029.540505982,39386600.80338793,-30.13189909930216,271.2160632566068,-0.1095671610654931,-26.74705587295538,0.0750041288418576,149841538.99180427,-53609484.01281122,-25723525.954806164,2.4237661291907298,53.7929443728255,25.794163418727177,149095086.97719833,-18445089.709975988,-7997485.631314317,3.861035930652103,27.178228275889,11.700217298591072,67.27379667183612,COM,0.994798,3.151944,2.181,0.392,3.356,62042.066234,60796.001439,19.610000000000003,0.15,34.4,30.0,i,0.996790823821108,1.1493805642592554,23.5958871165268,271.2052095626668,-26.434795871553494,57.82212281170899,19.94,19.242561071512768,19.247292806631627,23.5958871165268,2.9288264792051554e-06,0.00605073601660979,178.38778214138057,0.006069386176844764,19.24424041017861,19.244054738451762,271.2160631132294,-26.747052151725363,True,61995.0,161208446.95951837
A_M_2.3999999999999995_1.0_1014,582585,62030.0101135848,2462030.510485982,36843515.7499665,-30.275660437842163,271.1494412526143,-0.1130389297667058,-26.68004301308312,0.0813387154655918,150027836.65510887,-49094984.7192774,-23558784.10231113,2.019591847835585,53.9313639277217,25.860583881650715,149367441.05841017,-16180902.216417016,-7015758.276640933,3.3982568004029665,27.17335615075521,11.725561981837574,69.02733802051301,COM,0.994798,3.151944,2.181,0.392,3.356,62042.066234,60796.001439,20.67,0.15,124.4,120.0,g,0.6969292371389298,0.7845854466410339,25.704589653381625,271.2052095626668,-26.434795871553494,13.256272058274472,19.94,20.191140638296197,20.345925019138598,25.704589653381625,2.8009193840898335e-06,0.0033533523346922084,295.98850277386845,0.0036619876449418666,20.197829337256596,20.34673598098925,271.14944382031183,-26.680047041076133,True,61995.0,159604779.3907733
A_M_2.3999999999999995_1.0_1014,583263,62033.01061600559,2462033.510988981,28932425.117892496,-30.515922122625337,270.9501753810272,-0.1242103297262953,-26.39524688501018,0.131845241161809,150381876.31391472,-35062105.483311675,-16829870.04829632,0.6929299108545889,54.30225917157273,26.03858565147799,149952110.1387634,-9149488.581694754,-3967645.919196822,1.8665477660314975,27.326018479029283,11.782088632969106,74.64993638007084,COM,0.994798,3.151944,2.181,0.392,3.356,62042.066234,60796.001439,20.67,0.15,124.4,120.0,g,1.0069589374803232,1.1617505322145052,25.262192587556427,271.2052095626668,-26.434795871553494,86.17237490776189,19.94,19.790837023240506,19.91399780593097,25.262192587556427,2.826464061407982e-06,0.0033740426852593105,299.5331993712651,0.0036187235683378923,19.793035798313138,19.916209263084824,270.95016659400443,-26.39524973230144,True,61995.0,155329663.91021052
A_M_2.3999999999999995_1.0_1014,583336,62033.13006337033,2462033.6304359813,28618518.991062302,-30.32730902219724,270.9354429023309,-0.0917736965138863,-26.378198671741675,0.1517965144767322,150388744.3066576,-34501571.44456118,-16561087.210267656,0.6378861328594783,54.31499447988665,26.04469873342576,149970169.79295513,-8866204.446380112,-3846041.654437293,1.6057244117392329,27.54749816472773,11.784194175662693,74.88577584426339,COM,0.994798,3.151944,2.181,0.392,3.356,62042.066234,60796.001439,19.610000000000003,0.15,124.4,120.0,i,0.9665039438783729,1.1125352115308673,24.177972154549586,271.2052095626668,-26.434795871553494,73.34229620477896,19.94,18.713017306563682,18.8411815735363,24.177972154549586,2.8232683418713224e-06,0.0033969379237653056,296.62250514841605,0.00365417365168971,18.718505851978808,18.83663395725778,270.9354425239224,-26.378194676970125,True,61995.0,155181836.7460042
A_M_2.3999999999999995_1.0_1014,587070,62042.01343720815,2462042.513809981,4892446.178478963,-30.641509141042302,268.6381707452334,-1.6872549840217703,-19.91763034713077,4.347463664123222,149216871.83065498,7414939.933131163,3538571.7694671494,-3.768523147245039,54.70381480310501,26.231539047182743,149326191.35794148,12013437.110505857,5205275.870363357,-2.751883238206557,27.326792997994527,11.753914983321424,94.4169141815498,COM,0.994798,3.151944,2.181,0.392,3.356,62042.066234,60796.001439,19.44,0.15,33.6,29.2,z,0.9101333842159897,1.04395788834062,22.860972046620684,269.3419934843156,-21.500681845663543,63.04373889028676,19.94,15.375070098449859,16.776073495304864,22.770670236293935,2.7998358262866715e-06,0.0025077061431298415,191.97225922835784,0.005641013678878136,15.375768675533937,16.7712793825897,268.6381719204714,-19.9176279780244,True,61995.0,149442890.97613752
A_M_2.3999999999999995_1.0_1014,598151,62059.340992449295,2462059.8413649807,41462108.47499584,30.42240983085848,91.1858836441954,-0.1472548272890413,28.492522095334536,-0.0551759276992861,137446640.74155095,87931748.6417631,42096836.70959295,-11.406204498056193,52.308878138278736,25.04601149633037,138200810.4728078,51499361.42663651,22317584.220788974,-12.08030798541023,25.330915534773187,10.939610597937058,55.74654102369828,COM,0.994798,3.151944,2.181,0.392,3.356,62042.066234,60796.001439,19.94,0.15,33.6,29.2,r,1.1143174018208026,1.2923569365216576,23.638844886757433,89.35957332265507,28.106551280707112,131.00306764440018,19.94,19.43535602029818,19.440328054951774,23.561060547815302,3.028882137910575e-06,0.0070363744845860325,153.28776277467142,0.007059989759866936,19.43547571359856,19.443614163943852,91.18588479302485,28.492529095605185,True,61995.0,168510281.97498608
A_M_2.3999999999999995_1.0_1014,598174,62059.352537913546,2462059.852909981,41492460.79151647,30.446968333681635,91.18394384412332,-0.1480446125430046,28.491876173011228,-0.0567244636339569,137435262.4483047,87983919.61053376,42121816.68882657,-11.410005636006035,52.30644526024388,25.04484675318048,138188754.52519155,51524613.45890788,22328495.91722241,-12.091961556267425,25.30025990139902,10.93873937359383,55.726577207626605,COM,0.994798,3.151944,2.181,0.392,3.356,62042.066234,60796.001439,19.610000000000003,0.15,33.6,29.2,i,1.020672697514291,1.1784339385818627,23.263201676020444,89.35957332265507,28.106551280707112,131.00306764440018,19.94,19.106681141112528,19.112752821279596,23.185759108128156,3.003617980112935e-06,0.0072686124883251345,148.25931919680102,0.007298637149248168,19.101722261616434,19.111607751077628,91.18394117636109,28.491872956808223,True,61995.0,168534473.96729955
A_M_2.3999999999999995_1.0_1014,626308,62128.2029636431,2462128.7033359963,261901094.11255345,50.0580188950811,78.70549654519324,-0.082350332869738,26.363896490763,-0.0278890278173335,42141587.69414619,365088722.4503781,174803507.35522786,-17.485000323488805,42.92422244466235,20.552806268000783,-3817298.392820121,134972078.55166048,58500910.27421413,-30.66580782803877,-0.8487189732790555,-0.354657326532121,4.336743062085432,COM,0.994798,3.151944,2.181,0.392,3.356,62042.066234,60796.001439,19.94,0.15,33.6,29.2,r,0.9672250700944705,1.1134124940322025,23.832020850117193,77.52059243206025,25.884239012165406,89.87563217357452,19.94,23.72396570974567,23.726019306129913,23.815774529413407,2.9862171282795452e-05,0.18378378747546,5.411674591334438,0.1840994962299329,23.683124264169262,23.510167124787557,78.7055198461859,26.363920843600134,True,61995.0,406966773.65298736
A_M_2.3999999999999995_1.0_278,905084,62683.02722766009,2462683.527600001,48292994.63119329,-31.735514603327363,270.281079554806,-0.8202046723362654,-29.64477321237073,-0.2764939981782008,23578526.3903631,-179864343.01135,-83660930.59067568,21.062152987195223,32.65671345699936,15.130140247392452,23372623.1858422,-137892987.340871,-59774192.90004528,29.20762906477648,3.780714377818864,1.777080772790077,8.042506434893868,COM,0.555879,1.256992,1.51,5.396,3.72,62733.895847,60796.001439,24.56,0.15,33.6,29.2,r,1.10617474306806,1.2824510256302433,23.829017403981148,268.3990351479353,-29.293061755384716,144.85008075841222,24.56,23.31288190435017,23.447957142564157,23.746936062679858,2.926699250812401e-05,0.15929989970922132,5.59798543647845,0.17844897079926855,23.16184287960274,23.29962956794151,270.2811120962431,-29.644781210163533,True,62684.0,199765562.85041592
A_M_2.3999999999999995_1.0_278,905086,62683.03078321564,2462683.5311560016,48283244.01589502,-31.729519419121186,270.27772147423696,-0.8212571552667434,-29.645756060647543,-0.2762876602536744,23584998.15893204,-179854308.41112012,-83656281.47258627,21.06203231409101,32.65763359684219,15.130568242159052,23381597.93959868,-137891824.65991226,-59773646.80890537,29.21443257261008,3.787903370278045,1.777755724751112,8.047245063173467,COM,0.555879,1.256992,1.51,5.396,3.72,62733.895847,60796.001439,24.23,0.15,33.6,29.2,i,1.2097814270734724,1.4084932202840297,23.273088726851334,268.3990351479353,-29.293061755384716,145.18129405252225,24.56,22.982532554633732,23.097012650063494,23.191528334593688,3.8318582974809846e-05,0.1884511216036111,4.7541391882200275,0.2072711759921456,22.810823537002513,23.078571724037232,270.2777004560274,-29.64577390658907,True,62684.0,199755344.91477248
A_M_2.3999999999999995_1.0_278,905087,62683.03119988231,2462683.531572001,48282103.45769887,-31.728808984094314,270.2773283451802,-0.8213794777166996,-29.64587099116168,-0.2762629833085974,23585755.25860122,-179853134.49145702,-83655737.58530071,21.062018193733625,32.65774124559344,15.130618314013113,23382647.990351148,-137891688.49831212,-59773582.91069261,29.21522025704412,3.7887546964012473,1.7778347086320143,8.047799636393453,COM,0.555879,1.256992,1.51,5.396,3.72,62733.895847,60796.001439,24.23,0.15,33.6,29.2,i,1.2037911088254163,1.4012057284980735,23.28061721131444,268.3990351479353,-29.293061755384716,145.34682332140716,24.56,22.982491690468255,23.09807184933,23.199117775812603,3.79135237372422e-05,0.18746392547638208,4.776662210023554,0.20638110615133726,22.929456864756748,23.023101737913805,270.2772848193886,-29.64588366187653,True,62684.0,199754149.56506273
A_M_2.3999999999999995_1.0_278,906060,62684.00562070925,2462684.505993001,45647515.70428754,-31.4327926397042,269.3345954070025,-0.9101743716552206,-29.909018381789032,-0.2993076387500364,25357703.185881928,-177092681.9914953,-82376775.97139823,21.026956151434444,32.91331017326649,15.249497615872912,25817217.03555949,-137527249.43728876,-59615820.72356943,29.08892455588293,4.195232646072521,1.9684064222954092,9.386524089837142,COM,0.555879,1.256992,1.51,5.396,3.72,62733.895847,60796.001439,24.56,0.15,33.6,29.2,r,1.3412138985057946,1.5683867378415994,23.569556023871314,268.3338563927506,-28.7989512382867,167.64417928336852,24.56,23.214366892557823,23.32741266902632,23.53290434239771,3.843401690062284e-05,0.17184387898059572,5.262299823880382,0.18889567003550908,23.347500409947074,23.31153752619767,269.3346241701383,-29.909070706001586,True,62684.0,196953711.1740881
A_M_2.3999999999999995_1.0_278,906094,62684.021301908026,2462684.521674001,45604940.63539846,-31.408038865658483,269.31808210758675,-0.9153973923785094,-29.91370543193128,-0.2984623045704558,25386193.893834665,-177048082.27586594,-82356111.88670617,21.02635861385755,32.91747949829428,15.251437062006952,25856649.573499948,-137521546.24759856,-59613151.84589862,29.120662958032803,4.224308308076577,1.971367359690777,9.409704715529031,COM,0.555879,1.256992,1.51,5.396,3.72,62733.895847,60796.001439,24.56,0.15,33.6,29.2,r,1.24960042899894,1.4569348284658636,23.684027326448216,268.6067736509266,-28.96032475201238,168.88648604880694,24.56,23.212752027746475,23.342878391706687,23.669567825104153,3.222779458518188e-05,0.15567164143228368,5.764370784254003,0.17368874190945152,23.298661390510304,23.286468709892123,269.31801646563724,-29.913715377606284,True,62684.0,196908637.2993141
A_M_2.3999999999999995_1.0_278,906096,62684.02485746358,2462684.5252300007,45595290.628925,-31.40203712184488,269.3143242558069,-0.91654895617373,-29.914766381832,-0.2982460018020742,25392654.65363277,-177037967.55825102,-82351425.50153024,21.026222959143013,32.918425233426724,15.251876990168794,25865597.61900354,-137520247.3005679,-59612546.06293121,29.127546714305865,4.231348969002966,1.9720397414565705,9.41497178652816,COM,0.555879,1.256992,1.51,5.396,3.72,62733.895847,60796.001439,24.23,0.15,33.6,29.2,i,1.3875240587740394,1.624725132328515,23.109584793793157,268.6067736509266,-28.96032475201238,169.1348026882811,24.56,22.882386042367703,22.989592564765985,23.095174987236433,4.346139147579246e-05,0.18663308919140859,4.836558067196111,0.20405101097404643,23.056275890020167,22.96741029317934,269.31433640602154,-29.91478675211154,True,62684.0,196898415.8129493
A_M_2.3999999999999995_1.0_278,906453,62684.210545553775,2462684.710918001,45094694.69561666,-30.971444889135725,269.11318169143686,-0.9516535468025816,-29.96853939041329,-0.2793178430159717,25729965.5174802,-176509390.80648178,-82106522.78519692,21.01906165945645,32.967939712314546,15.274909811572485,26334593.65261521,-137448544.2417011,-59580622.57784133,29.254186732909577,4.735722074134253,2.007838761181538,9.693690788063106,COM,0.555879,1.256992,1.51,5.396,3.72,62733.895847,60796.001439,24.56,0.15,33.6,29.2,r,1.318615658188721,1.5408949613001472,23.742460193710283,268.3338563927506,-28.7989512382867,13.930970604432579,24.56,23.19336445776646,23.317518354410993,23.711187445006686,3.198072175383712e-05,0.14698486098636912,6.164082918442868,0.1632303291336034,23.068497844688807,23.26485433699163,269.11321451746784,-29.968567137923834,True,62684.0,196364653.77527112
A_M_2.3999999999999995_1.0_278,906812,62685.025818514834,2462685.526191001,42917475.53348726,-31.049728625849955,268.2231150438604,-1.0308663541866676,-30.20773822332606,-0.3219412150258742,27209537.441665743,-174179167.69645473,-81026855.0193895,20.98576977416096,33.188390067389854,15.37746087055921,28359593.305251643,-137107425.51430082,-59433499.34552489,29.04513456537144,4.687288872769481,2.166952171947775,10.942970910214331,COM,0.555879,1.256992,1.51,5.396,3.72,62733.895847,60796.001439,24.56,0.15,33.6,29.2,r,1.4788116498952792,1.7357805959796586,23.499741965521185,269.08961099888876,-29.002567742293692,92.56510367405082,24.56,23.107001220220976,23.223833620857327,23.462159313276278,4.119584480470606e-05,0.16745753773105254,5.392973950679207,0.18468653069225027,23.18699006971271,23.522369830734867,268.2231694815053,-30.207696802461825,True,62684.0,194020856.15096197
A_M_2.3999999999999995_1.0_278,906813,62685.02759629261,2462685.527969001,42912705.35604654,-31.046528037820536,268.2209935230463,-1.0314811956962875,-30.20831052229382,-0.3218142484286516,27212761.586854894,-174174068.75692502,-81024492.48401926,20.985693791703685,33.1888763459168,15.37768708810249,28364055.45069045,-137106705.17615274,-59433166.43431127,29.048449288357357,4.690948191657289,2.1672874074710915,10.945887495696448,COM,0.555879,1.256992,1.51,5.396,3.72,62733.895847,60796.001439,25.29,0.15,33.6,29.2,g,1.3699714398623195,1.6033715813410214,23.995993175650305,269.08961099888876,-29.002567742293692,92.64759808902083,24.56,23.836810384742,23.971525204220836,23.958202240072463,4.811853615088269e-05,0.20731427282526135,4.204265853280746,0.23167325839527578,23.974055082834504,23.75628143321543,268.2209929342635,-30.208237067880592,True,62684.0,194015744.2137569
A_M_2.3999999999999995_1.0_278,906814,62685.02937407039,2462685.529747001,42907935.67286112,-31.04329439163838,268.2188707287179,-1.032092343619272,-30.208882593497908,-0.3216850160457172,27215985.72033635,-174168969.74273613,-81022129.91391738,20.985617794242557,33.18936264864641,15.377913316932132,28368518.102859333,-137105984.2728767,-59432833.47159175,29.051731715127985,4.694646328771388,2.1676227381885704,10.948805077171151,COM,0.555879,1.256992,1.51,5.396,3.72,62733.895847,60796.001439,24.23,0.15,33.6,29.2,i,1.2179093623727564,1.418381219431577,23.263869660389133,269.08961099888876,-29.002567742293692,92.80678037517967,24.56,22.776619572950345,22.943609083889562,23.225870187529036,3.295946220151477e-05,0.1628249505532002,5.311186647482226,0.1872986510313962,22.836682852209805,22.900085879670986,268.21883986758735,-30.20890124929446,True,62684.0,194010632.2750467
A_M_2.3999999999999995_1.0_278,906816,62685.03156851483,2462685.531941001,42902050.71233549,-31.03925909287288,268.2162495187524,-1.03284131562893,-30.20958819271168,-0.3215224555252887,27219964.19042985,-174162677.60574165,-81019214.52377182,20.98552399491937,33.18996276532545,15.378192492235767,28374025.57588302,-137105093.91161302,-59432422.53433852,29.05573697601847,4.699262684694846,2.1680366595894336,10.952406648775598,COM,0.555879,1.256992,1.51,5.396,3.72,62733.895847,60796.001439,24.06,0.15,33.6,29.2,z,1.1492102035080218,1.3348056003747224,22.724720892875002,269.08961099888876,-29.002567742293692,93.00155319469394,24.56,22.60638414940522,22.791793850556942,22.686463742490325,4.429838613791792e-05,0.22549139110091346,3.6584141731547595,0.2623630688731829,22.96018519654249,22.50492428147896,268.2162606468341,-30.209656529071083,True,62684.0,194004324.29041046
A_M_2.3999999999999995_1.0_278,907292,62685.25660262179,2462685.7569750007,42303528.75150134,-30.507704383803464,267.94065839927254,-1.068384413835045,-30.279230512811985,-0.2964046674020103,27627931.973907515,-173516701.23892644,-80719907.58821262,20.975781127971462,33.25171178101981,15.4069184616753,28940707.910553344,-137007882.90844992,-59389850.19772433,29.10921972774504,5.318655711829001,2.211545499438885,11.326774808938351,COM,0.555879,1.256992,1.51,5.396,3.72,62733.895847,60796.001439,25.29,0.15,33.6,29.2,g,1.2389122719022791,1.4439322042606801,24.183505511244306,268.7425925308106,-30.210456494763918,-71.98016252915187,24.56,23.812371917682075,23.981504704141788,24.18310736788878,3.607788380263034e-05,0.17435982888782137,4.922496826007755,0.20079847966765038,23.786537808847953,24.07182752410996,267.9407085106078,-30.279273846255382,True,62684.0,193357316.16632277
A_M_2.3999999999999995_1.0_67,1112474,63063.22622596742,2463063.726597997,96763598.59177692,-23.33856331625204,329.7205729084918,0.4445311616884007,-13.982650906308782,0.159011553648059,140719070.50480914,-175694170.6989583,-79018036.01615156,12.733954572409898,29.378339672498974,13.254000635636942,59632340.15069435,-128349960.44201922,-55637233.46242479,27.263039782188475,10.83626047896986,4.59958163778272,20.8280069555629,COM,1.176552,1.12007,0.879,5.252,1.188,63129.760478,60796.001439,22.87,0.15,33.6,29.2,r,0.6616529771173825,0.7416702884639689,24.519620136237243,329.4270771161041,-15.12897225954225,-163.06255724344814,22.87,23.96344635844429,24.085164753838107,24.5025734156123,1.5727369304976503e-05,0.14262091705006966,6.3802066068215195,0.15808444367711919,23.88615740542963,24.126666979130928,329.7205716908792,-13.982632226358243,True,63098.0,238566863.66128463
A_M_2.3999999999999995_1.0_67,1112525,63063.250748767416,2463063.7511209967,96714214.70594084,-23.27503796151355,329.73179388291675,0.4435743754334427,-13.97874157940206,0.1598249383915658,140746050.05178156,-175631915.5548803,-78989949.69231358,12.731038820529232,29.38197867716277,13.255637280026251,59690060.13777316,-128326937.18687952,-55627483.06633473,27.21969357308282,10.895229930102015,4.604174278723007,20.82468317913832,COM,1.176552,1.12007,0.879,5.252,1.188,63129.760478,60796.001439,22.540000000000003,0.15,33.6,29.2,i,0.6951120236933008,0.7823747246877139,24.032731837368516,329.4270771161041,-15.12897225954225,-163.06255724344814,22.87,23.631877014321,23.742178054252097,24.015216639762404,1.8720724987456638e-05,0.1609605463960445,5.661740401715162,0.17659438088641183,23.654745803417207,23.67979656158445,329.7317698336961,-13.978728775838885,True,63098.0,238527634.70727962
A_M_2.3999999999999995_1.0_67,1116474,63068.3675474143,2463068.867919995,86824168.39971305,-21.39280972627437,332.2968104714573,0.4946414447554878,-13.090680357563173,0.1895292834303554,146233611.2008748,-162472034.90003368,-73053131.48317505,12.0771769181845,30.151466394540776,13.601672408532014,71359961.4830085,-123157172.9026313,-53388075.61360793,25.8269637798878,13.13553547690308,5.5194572188828825,20.25546920017407,COM,1.176552,1.12007,0.879,5.252,1.188,63129.760478,60796.001439,22.87,0.15,33.6,29.2,r,1.0226846845898314,1.1808816114231526,23.992976138807087,330.7536551316067,-13.71169772343784,25.456406408596784,22.87,23.635212092751342,23.69910190638837,23.920878521573794,2.8508329267846823e-05,0.1671745976346828,5.668998931604402,0.17638568175160635,23.446332831630514,23.642419946107545,332.296868096,-13.090721464236443,True,63098.0,230473840.5739455
A_M_2.3999999999999995_1.0_67,1120367,63072.32168464098,2463072.822056994,79666533.11237124,-20.232762403688888,334.48520897051327,0.5419296183883564,-12.301596278464704,0.214198147163274,150263982.38790032,-152067138.4334788,-68359518.85335577,11.50544845449666,30.75754547527995,13.87415897291643,80017778.98332706,-118539155.55811287,-51385957.95126367,24.92740015708755,14.690000980315824,6.196304533470975,19.89029718703958,COM,1.176552,1.12007,0.879,5.252,1.188,63129.760478,60796.001439,23.6,0.15,33.6,29.2,g,0.9525625202867203,1.0955748421979565,24.52064160495417,334.72260024524905,-13.385542061254455,46.53815787968409,22.87,24.10934566218693,24.19714568608644,24.507710454010994,2.4669038631853525e-05,0.15588806721834503,5.9811648971625075,0.1678553011815045,24.331324393971748,24.16026392385474,334.4852232784442,-12.301645529448985,True,63098.0,224447550.2478927
A_M_2.3999999999999995_1.0_67,1120418,63072.34603684697,2463072.846408994,79624031.3821299,-20.167553093158528,334.49873303957696,0.543387603593709,-12.29636855544457,0.2151422378390011,150288187.72305572,-152002415.85222027,-68330323.70202002,11.5017358075407,30.761301194012223,13.875847310369926,80070155.82758558,-118508226.70906952,-51372916.35561285,24.85994368895765,14.708305153527338,6.200574495738038,19.88779230274009,COM,1.176552,1.12007,0.879,5.252,1.188,63129.760478,60796.001439,22.87,0.15,33.6,29.2,r,0.8517421705149892,0.9729223485583811,24.224788798713462,334.72260024524905,-13.385542061254455,46.53815787968409,22.87,23.37775431819249,23.487412307027938,24.211735004278147,1.5389624355036074e-05,0.11000596503867285,8.49625424858333,0.12081208403234102,23.428249670158674,23.560762173374847,334.4987148091777,-12.296353702752695,True,63098.0,224411022.3033053
A_M_2.3999999999999995_1.0_67,1127219,63089.25805889176,2463089.758430989,54048172.60379774,-14.576171683574128,347.0706705875984,0.9094297760094,-7.245905732440527,0.4109680293359574,164904066.4195733,-105141490.06110162,-47195529.44751418,8.27714603390336,33.35905660927034,15.042891088657674,112646876.07538156,-93144839.08131307,-40378537.11878425,19.59754285201725,20.574479290982048,8.754017978424132,20.266826097743134,COM,1.176552,1.12007,0.879,5.252,1.188,63129.760478,60796.001439,22.540000000000003,0.15,33.6,29.2,i,1.0058765314206393,1.160433736521459,23.58633777694543,345.7664936712394,-6.823321778077575,168.45614526856218,22.87,21.981143471379962,22.18598409718442,23.554063624291803,1.0650320519642523e-05,0.06462586679793061,13.594733931558421,0.07706367443828603,22.114444449551492,22.21378410243314,347.07067076659655,-7.245895394970237,True,63098.0,201185243.1313265
A_M_2.3999999999999995_1.0_67,1127270,63089.28280837306,2463089.783180989,54017078.90576594,-14.50493248924087,347.0933654324571,0.9100200092406328,-7.235720387759872,0.4120902774477603,164921760.97898558,-105070147.6770709,-47163358.41051226,8.271396531634748,33.362720702656134,15.044535822313977,112688709.22808066,-93100816.07978076,-40359813.789276674,19.52770817986506,20.597718474005653,8.757514598196384,20.270354156242405,COM,1.176552,1.12007,0.879,5.252,1.188,63129.760478,60796.001439,22.37,0.15,33.6,29.2,z,0.7759702960211528,0.8807424525804778,23.267869074828035,345.7664936712394,-6.823321778077575,168.45614526856218,22.87,21.809677565758708,22.127725715748667,23.234448528797927,1.0482632129003844e-05,0.08170482954217713,9.622774919301307,0.10734412985137741,21.836736946800617,22.054033283418395,347.0933601405037,-7.23571506510681,True,63098.0,201154929.23080352
A_M_2.3999999999999995_1.0_67,1130432,63093.31960185578,2463093.819973988,49225013.02945364,-12.823819221968796,351.20930685502304,1.0449367033704915,-5.427730867452,0.4866665238727596,167638184.29763168,-93330617.90282711,-41869772.26191428,7.290205187933775,33.94756431118919,15.30698765129887,119209524.28461328,-85841520.07446814,-37213570.933510944,17.866537624372757,21.799442466878705,9.277053454580605,21.205234586914564,COM,1.176552,1.12007,0.879,5.252,1.188,63129.760478,60796.001439,23.6,0.15,33.6,29.2,g,1.1948863454814784,1.390372683067492,24.237299772081467,352.5367876004133,-6.336563744168765,67.00960110958668,22.87,22.81502889251875,23.007695949879935,24.16929616326597,1.4941941805047937e-05,0.07722913133686903,11.420760984964812,0.09113290497446042,22.780492504624345,22.97415074755943,351.2093132558534,-5.4277374920183625,True,63098.0,196382898.70045918
A_M_2.3999999999999995_1.0_67,1130455,63093.33000243552,2463093.830374988,49213502.08241071,-12.79472823480807,351.22023011391417,1.0461066159089092,-5.422666807156593,0.4870967184972719,167644734.70730406,-93300109.08315192,-41856015.80884711,7.287564759352451,33.94903394556038,15.30764695953645,119225566.43070932,-85821930.5072211,-37205233.53005387,17.83641945797161,21.798216904541672,9.278417360576814,21.207881565626774,COM,1.176552,1.12007,0.879,5.252,1.188,63129.760478,60796.001439,23.6,0.15,33.6,29.2,g,1.2605258785424054,1.4702261296136319,24.156501735101305,351.2960924296624,-3.7854779670074072,65.07218672006732,22.87,22.814472371033037,22.990070459988043,24.08151707661426,1.6676032682854708e-05,0.08181637891433663,10.91992150071848,0.09513469736677815,22.885936060096377,23.059239583772616,351.2202524894621,-5.422641995447365,True,63098.0,196371060.7228083
A_M_2.3999999999999995_1.0_67,1131326,63094.30787736736,2463094.808249987,48137905.46932344,-12.443900257023332,352.3030926736856,1.0795808059683658,-4.938190473669219,0.5058839752849076,168249914.61705047,-90425878.2577906,-40560036.18289695,7.036722644665005,34.086219865414925,15.36918643336403,120722782.266432,-84002570.11484995,-36416276.29589304,17.497317676569704,22.080493364470357,9.397622063311282,21.50727414659611,COM,1.176552,1.12007,0.879,5.252,1.188,63129.760478,60796.001439,22.87,0.15,33.6,29.2,r,1.0150412164174276,1.1715829883423694,24.015543855924992,352.9798991812629,-4.00257287569437,154.74131404475233,22.87,22.033548967461773,22.302580532454648,24.000084133008055,8.329038113634835e-06,0.049259869268510476,17.01019654363986,0.06202280145439862,21.95410601317249,22.24057670116831,352.30309764799335,-4.938186083128711,True,63098.0,195269018.95204842
A_M_2.3999999999999995_1.0_67,1136114,63099.334361396046,2463099.8347339863,43171748.86463213,-10.1696164375991,358.4314364367346,1.2736376968356429,-2.1378662180049126,0.6106164558940237,171013300.52296874,-75474385.93446238,-33818901.96295018,5.666240680544301,34.755419749598445,15.669212451519792,127887766.87666696,-74293460.46516424,-32208416.69803068,15.322404719109286,23.38070416470559,9.968937749188951,23.538114304276444,COM,1.176552,1.12007,0.879,5.252,1.188,63129.760478,60796.001439,22.87,0.15,33.6,29.2,r,1.4807024875768855,1.7380808851300311,23.563076819784964,357.1763298725091,-3.1549491942742813,96.75286295332135,22.87,21.79939282080789,21.985672041781598,23.492930457982194,1.370385444709215e-05,0.05748986501495492,15.600453043893419,0.06745682479977655,21.759866415327576,22.085343316668247,358.43144137373406,-2.1378542737999613,True,63098.0,189962233.13575524
A_M_2.3999999999999995_1.0_67,1136163,63099.3563434983,2463099.8567159865,43152492.650977686,-10.108937567097623,358.4594892351733,1.2770733993256462,-2.1244364195316727,0.6112713593239861,171024056.49135953,-75408372.01617453,-33789140.10520196,5.659950366003726,34.75819432162387,15.670455700252868,127916809.67289336,-74249068.74644376,-32189480.87483029,15.261606773910849,23.364812530729644,9.971431498691922,23.548064308240185,COM,1.176552,1.12007,0.879,5.252,1.188,63129.760478,60796.001439,22.87,0.15,33.6,29.2,r,1.4320007163635822,1.678832988276864,23.575001781597113,359.3103126464261,-0.8406197921619418,101.13160305924823,22.87,21.798475357289465,21.996738467091877,23.518865781645147,1.3132848924909523e-05,0.056875823958166156,15.60798194871763,0.06742527506284667,21.78579164874447,21.964137069831917,358.45948731868174,-2.124416106154502,True,63098.0,189940402.38437548
A_M_2.3999999999999995_1.0_67,1142498,63106.29396594159,2463106.794337985,37992547.04724575,-6.8312232602006215,8.573291889388752,1.5384024420541815,2.596270869252747,0.743401250367667,173796586.25770357,-54327190.24337504,-24285605.614607356,3.549759825600205,35.54978344652542,16.02479797680348,136267131.55353326,-59985093.61542215,-26006590.84911365,12.31322933325218,24.931538798174177,10.635060489064786,27.807917806459,COM,1.176552,1.12007,0.879,5.252,1.188,63129.760478,60796.001439,22.19,0.15,33.6,29.2,y,1.2056873004012523,1.4035125309017669,21.73468371764377,9.996064853521998,1.9830497320479654,124.99227775818913,22.87,20.895687203062177,21.24905330024882,21.677159103865876,2.9565716400570975e-05,0.1484166381911887,4.953740592297651,0.1996416192685985,20.913514926648272,21.505313932790006,8.573310222498833,2.5963087858579117,True,63098.0,183702171.0123196
A_M_2.3999999999999995_1.0_67,1142549,63106.31694677729,2463106.817318985,37979052.69152063,-6.761867074051879,8.608698995185744,1.540017592671168,2.6133547795064724,0.7433841083828119,173803627.33645377,-54256600.17986141,-24253785.69638013,3.5423701161690464,35.55209153563785,16.02582975155245,136291513.69709972,-59935599.69751334,-25985472.1957204,12.246616060142166,24.9210060385465,10.63719405439348,27.823560130697786,COM,1.176552,1.12007,0.879,5.252,1.188,63129.760478,60796.001439,22.19,0.15,33.6,29.2,y,1.0734177290794253,1.2426006436489359,21.863100915653284,9.996064853521998,1.9830497320479654,124.99227775818913,22.87,20.895153736701083,21.31612316145971,21.80984968064759,2.498925348328813e-05,0.14113280097270653,4.916891984484842,0.20100743351000672,21.005176976015658,21.223848828820838,8.6086962366266,2.6133178884868835,True,63098.0,183683765.3658923
A_M_2.3999999999999995_1.0_67,1150748,63117.38207586061,2463117.8824479827,34294625.315489724,-0.7163725998208564,27.88369373636456,1.733393626450474,11.23772671708444,0.7532547477713241,175403952.78388825,-19831638.67035853,-8738109.063064363,-0.2738930658620219,36.35426434482633,16.38300345360973,145672165.0326868,-35562977.83646143,-15421453.337331029,6.862096725338129,26.5442907936475,11.404360807055108,36.93642609731854,COM,1.176552,1.12007,0.879,5.252,1.188,63129.760478,60796.001439,22.540000000000003,0.15,33.6,29.2,i,1.1505554031513126,1.3364420962911345,23.079772330452506,28.302334254169562,10.277299168905357,19.16916918337067,22.87,21.19885291544619,21.63593788768795,23.06935863855415,1.1850016495601612e-05,0.06334099845302489,11.281593071270967,0.09221068276006222,21.049357755494036,21.5751034422292,27.88369246903966,11.23774673974455,True,63098.0,176737644.81445986
A_M_2.3999999999999995_1.0_67,1150771,63117.393665358,2463117.894037983,34293923.72324163,-0.685136415331544,27.904187621992453,1.735271308204452,11.246451646845836,0.7523457760227722,175403676.39886916,-19795234.05789051,-8721703.372691026,-0.2781161221078993,36.35474118894968,16.383213551103765,145679025.28473124,-35536408.34384428,-15410032.953200849,6.839848451686586,26.521472244447097,11.405020270618122,36.94547263730167,COM,1.176552,1.12007,0.879,5.252,1.188,63129.760478,60796.001439,22.37,0.15,33.6,29.2,z,1.0484748310127165,1.2122564854169302,22.66466684135836,28.302334254169562,10.277299168905357,19.16916918337067,22.87,21.028997798737,21.52746459182012,22.654236965724195,1.4111837524305451e-05,0.08273111995995644,8.07284460508237,0.12679219945786854,20.932640803705542,21.58011206346876,27.904151535176766,11.246455838477724,True,63098.0,176732478.89215803
A_M_2.3999999999999995_1.0_67,1157611,63133.34826043693,2463133.848632981,37905931.65820399,5.402686010603167,54.10823572753851,1.2036281782160945,20.3806390752626,0.3633475552829384,170919639.51668385,30386112.068152446,13887792.154425183,-6.245994150881517,36.16563625654351,16.291210640825938,150088202.3366182,1599899.8822192494,686850.2230385871,-1.180151692801222,27.444288007018912,11.801527656983737,45.60338556861838,COM,1.176552,1.12007,0.879,5.252,1.188,63129.760478,60796.001439,23.6,0.15,33.6,29.2,g,0.9199699822712194,1.055924552641386,24.376174677431983,54.88041022848301,21.74354241924594,47.34225404716886,22.87,22.685494970070692,23.027503384003207,24.31975814393412,1.061834897287545e-05,0.07024895162632903,11.027530345800454,0.09424549940024018,22.756652961537423,22.89318394151713,54.10823220456314,20.380634593916305,True,63098.0,174154269.97365293
A_M_2.3999999999999995_1.0_67,1157662,63133.37235329577,2463133.8727259813,37917242.019600645,5.465012488164896,54.13916836072199,1.2035278048157414,20.389353078537216,0.3600256069125032,170906628.56741154,30461392.7086981,13921703.140230829,-6.254933351307843,36.16404473055136,16.29048324651827,150085701.1182721,1656973.690932638,711416.709587777,-1.2216210807990855,27.390525430395343,11.801534055582268,45.60615248758494,COM,1.176552,1.12007,0.879,5.252,1.188,63129.760478,60796.001439,22.87,0.15,33.6,29.2,r,1.1404626339976909,1.3241637883183588,23.713515947300166,54.88041022848301,21.74354241924594,47.34225404716886,22.87,21.956258433943333,22.19683683653181,23.66063430420004,1.1158787877811572e-05,0.06004222677399493,14.212813292245562,0.07382371062068646,21.906983380406615,22.24974277670179,54.139194371454664,20.389344270658988,True,63098.0,174157359.74215218
A_M_2.3999999999999995_1.0_67,1168311,63150.32399999687,2463150.824371981,47987751.96223006,7.875560520612588,70.28957921138189,0.5044508068940828,23.96488708460377,0.1050489078144821,157359419.54551747,82177021.35739397,37212332.86408888,-12.048125144124697,34.19628694833556,15.397113257986591,142569965.08158207,40895336.366977975,17720825.49806507,-9.731703352541084,26.161260081085217,11.267642412159264,42.2303172212053,COM,1.176552,1.12007,0.879,5.252,1.188,63129.760478,60796.001439,22.87,0.15,33.6,29.2,r,1.7817965737600943,2.104375393868728,23.155092586650362,71.20676314666636,23.381995822333707,110.10538178552963,22.87,22.4620853519529,22.481935436765525,23.145308834997174,3.291929785603791e-05,0.11375406245860449,8.89291764198297,0.11570030828812794,22.30192137162716,22.52291204823558,70.28959107493682,23.964898191239858,True,63098.0,181383040.76198393
A_M_2.3999999999999995_1.0_67,1168334,63150.33558259498,2463150.835954981,47995646.61934317,7.903286206134378,70.29596979916784,0.5039009294913221,23.96609620828016,0.1037260146119755,157347360.69407105,82211242.20063432,37227741.03162167,-12.051627101525163,34.19445763989985,15.396284885945343,142560217.1459904,40921503.5330953,17732101.49700627,-9.748815191322011,26.132604247902268,11.26697575058572,42.22409883683557,COM,1.176552,1.12007,0.879,5.252,1.188,63129.760478,60796.001439,22.540000000000003,0.15,33.6,29.2,i,1.3749740409705848,1.609457470767135,22.99211514000307,71.20676314666636,23.381995822333707,110.10538178552963,22.87,22.132367995674556,22.1657649941162,22.982432087840294,2.2311167755891664e-05,0.10012272681482047,10.04593970836113,0.10303025257021989,22.034206240523748,22.262809767067985,70.29597683989738,23.966126879200278,True,63098.0,181391248.31115457
A_M_2.3999999999999995_1.0_67,1169133,63151.32632582664,2463151.826697981,48676531.63684974,7.972897165186962,70.86959954180803,0.4711558937330749,24.06470684541021,0.0967023817973367,156303025.9216411,85131466.34969798,38542574.43810121,-12.348395272316676,34.03612473249944,15.324593655846892,141737270.50683317,43140143.911588624,18693837.92194081,-10.22952224953952,26.006096518455383,11.20521490779563,41.71975770697187,COM,1.176552,1.12007,0.879,5.252,1.188,63129.760478,60796.001439,22.87,0.15,33.6,29.2,r,1.6633033715027534,1.960223079687048,23.239322755478938,71.14179678461483,25.776078775123047,139.31325344669673,22.87,22.487510797096007,22.507442268372742,23.14520385693116,3.1455526905559e-05,0.11626285926273708,8.690080448856687,0.11825896422327524,22.407118383635282,22.542770125293508,70.86956930432109,24.06467760391271,True,63098.0,182108573.43746215
A_M_2.3999999999999995_1.0_67,1169184,63151.350418712216,2463151.8507909807,48693186.53163282,8.030541320859191,70.88201994895527,0.4704185711841712,24.067004009304785,0.0939901824861807,156277314.31374964,85202311.19963542,38574471.96466269,-12.3555435335887,34.03222935467746,15.322830049670312,141715942.10557413,43194215.8237472,18717161.549864814,-10.26098416585058,25.944787382372507,11.20372884088653,41.70619501205645,COM,1.176552,1.12007,0.879,5.252,1.188,63129.760478,60796.001439,23.6,0.15,33.6,29.2,g,1.4596120707275346,1.712423443707463,23.7499810383919,71.14179678461483,25.776078775123047,139.31325344669673,22.87,23.218089179931553,23.24392454445111,23.65687785788179,3.385287063750901e-05,0.14101290703453856,7.0437942724888405,0.1441357287602742,23.132333914666283,23.465722604041723,70.88196083458996,24.066976146269802,True,63098.0,182126392.07492846
A_M_2.3999999999999995_1.0_67,1172300,63156.30469458116,2463156.8050669814,52210600.22080198,8.377051833996395,73.23580758859215,0.320885655713318,24.45597116979445,0.0658408608886722,150684205.54747096,99592049.34341855,45052955.66138321,-13.754382745981044,33.19098331807694,14.942126278659616,136976045.67019656,54085669.48478707,23438087.62205832,-12.6297900803842,25.188556438897383,10.841915124262291,38.82956776996142,COM,1.176552,1.12007,0.879,5.252,1.188,63129.760478,60796.001439,22.87,0.15,33.6,29.2,r,1.7379663154167588,2.05105391169922,23.225081974100924,73.36162852291794,24.07527415568606,121.16032285138756,22.87,22.60705918251803,22.615595507183752,23.225081974100924,3.357104815523026e-05,0.11867419871254306,8.591627203533047,0.11954216579737025,22.40374841185907,22.50600272473643,73.23588750092506,24.455972388315367,True,63098.0,186156049.88213775
A_M_2.3999999999999995_1.0_67,1186332,63178.23984551343,2463178.740217984,70596475.01285848,11.298155872852163,76.04816639724119,-0.0904363437594696,24.961307347273035,-0.0023136834470877,119941744.70413429,158577412.72298154,71600198.73801592,-18.23909386634861,29.0047438745016,13.050468703716865,104510406.07653388,96463290.4488462,41808054.02644392,-21.962804305710765,19.36133655259306,8.31242913447724,21.98735403467876,COM,1.176552,1.12007,0.879,5.252,1.188,63129.760478,60796.001439,23.6,0.15,33.6,29.2,g,1.043354552056631,1.2060274355920086,24.0839165295924,76.87521704162639,24.43627280263263,149.13929839720004,22.87,23.781458401164596,23.783353646354485,24.077642638863328,2.6784095125362492e-05,0.15475803533323948,6.516376003689925,0.15500590410420131,23.994255027800715,23.807702100907278,76.0481575936438,24.961281050218968,True,63098.0,211327722.7623246
A_M_2.3999999999999995_1.0_67,1186383,63178.26412911876,2463178.764501984,70620240.58029298,11.35808671831131,76.04572972975693,-0.0913908401936039,24.96122882057724,-0.0041606715082639,119903474.31075892,158638261.4599187,71627577.16672494,-18.242631203369957,29.000065551827348,13.048356361412903,104464288.57748492,96503846.01317686,41825490.98800895,-21.996169166413107,19.296672433338777,8.308936889352388,21.966387627017937,COM,1.176552,1.12007,0.879,5.252,1.188,63129.760478,60796.001439,22.87,0.15,33.6,29.2,r,0.8398035223936103,0.9583984457343191,23.929069033988167,76.87521704162639,24.43627280263263,149.13929839720004,22.87,23.051885449734637,23.054951089003698,23.922726485922382,1.308757932946681e-05,0.09493421761561276,10.91397895832823,0.09518429148603344,23.052475485366383,23.135650924129333,76.0457379169996,24.961225467312634,True,63098.0,211360949.47173068
A_M_2.3999999999999995_1.0_67,1190525,63184.23307579656,2463184.7334479853,76831587.32319088,12.684813538817131,75.44076971368771,-0.1419369752452379,24.899660328701174,-0.0133473412187111,110285784.73554656,173299503.07390064,78223840.99387228,-19.03080166586445,27.86544912734661,12.53613692587004,92767107.80151951,105847539.34214354,45875404.28029954,-24.076172906408257,17.19831953778395,7.383266832347656,16.979551378597037,COM,1.176552,1.12007,0.879,5.252,1.188,63129.760478,60796.001439,23.6,0.15,33.6,29.2,g,1.1297216237053074,1.3110968658215418,24.104646325902706,75.25822024476031,24.154836046458833,129.13929765161978,22.87,23.89147021941762,23.895444594863065,24.10296773910239,3.134968988464192e-05,0.1666017199532956,6.008037241368708,0.1671594625732782,24.055380907467452,24.14287244982443,75.44073822568879,24.899643870293904,True,63098.0,219805917.52778363
A_M_2.3999999999999995_1.0_67,1190576,63184.25709387298,2463184.757465985,76857971.16366583,12.745779591904792,75.4370032372532,-0.1424488298819363,24.89931957387813,-0.015030955097537,110246291.57782704,173357321.09074235,78249852.21576801,-19.03366045772829,27.860955498769226,12.534108588063283,92717114.76589613,105883160.37220404,45890721.71107401,-24.104838649210983,17.13211195135152,7.379412997492944,16.95898762232189,COM,1.176552,1.12007,0.879,5.252,1.188,63129.760478,60796.001439,22.87,0.15,33.6,29.2,r,0.9927411309641665,1.1444539306133412,23.85613880337477,75.25822024476031,24.154836046458833,129.13929765161978,22.87,23.16188525678267,23.16714437623625,23.854507454254616,1.800591500151859e-05,0.11088154749430557,9.2564538519176,0.11138147498577422,22.989963513468698,23.196242520640144,75.43700720635604,24.89933208226278,True,63098.0,219840953.76933646
A_M_2.3999999999999995_1.0_241,1359246,63441.27743519229,2463441.7778079924,160926423.37966412,-20.46539115591468,301.39073926213894,-0.1327150712341409,-22.176869379869416,-0.0249456597408425,165404762.56785163,-240961856.33290032,-110055011.84024556,10.284946454769091,30.235477364954072,13.770889031793567,87783645.73487465,-113751823.1209297,-49310601.2860096,23.999986858591225,16.044542473878337,6.797142055482119,3.253099802449374,COM,1.308285,1.526835,1.075,4.807,3.722,63530.220844,60796.001439,21.610000000000003,0.15,33.6,29.2,i,0.6989162862387486,0.7870027813123462,23.84771641789262,302.714915288309,-23.1414703692619,-7.411310330769683,21.94,23.689670142293018,23.699511149013862,23.788753608942724,2.17111932114546e-05,0.18416092269346618,5.361554254156237,0.1856813259168995,23.933210525359016,23.64086296133744,301.3907398624345,-22.176873149436478,True,63483.0,312303469.9113688
A_M_2.3999999999999995_1.0_472,1359494,63441.3938537285,2463441.8942259927,44521519.219191365,-24.566632308844795,327.4471527902021,1.5168904193397406,-21.60453696801492,0.3718258145762357,122914065.49552162,-135862986.29500607,-65634875.02255498,12.802977093633906,39.23187063690556,18.9703425871973,88023448.10555317,-113589942.1376323,-49242132.8573364,23.67901416660899,16.10779229938026,6.816883188000612,14.445874856501614,COM,0.944537,1.74233,2.37,0.108,2.787,63478.946075,60796.001439,22.650000000000002,0.15,33.6,29.2,i,1.1313326282792113,1.3130567254005003,23.149112113768005,328.62977940006266,-22.181525231380895,-7.275125475050132,22.98,21.407337563739095,21.748814060353908,23.12756065819525,1.2063851594656725e-05,0.06557834207466148,11.852676378986121,0.0879428642772921,21.455132682489538,21.776238452193763,327.4471600124918,-21.604523815150927,True,63453.0,194613862.20118234
A_M_2.3999999999999995_1.0_472,1359552,63441.42119095683,2463441.9215629925,44463555.71527726,-24.513883504882354,327.49189488397496,1.5267588735550517,-21.594329793165617,0.3748770273703519,122944301.35922316,-135770309.4724806,-65590061.68757931,12.797746291229975,39.237649476822135,18.97313440181832,88079290.10490635,-113551913.28704046,-49226026.48752104,23.60705296431678,16.09204982279593,6.821503052041518,14.463312120777374,COM,0.944537,1.74233,2.37,0.108,2.787,63478.946075,60796.001439,22.48,0.15,33.6,29.2,z,1.8530889339204806,2.191105759027349,21.99240493215094,328.62977940006266,-22.181525231380895,-7.275125475050132,22.98,21.23442755463502,21.384825586118993,21.973291972472573,3.8014430623570655e-05,0.12571296733042767,7.111117913061467,0.142857087303218,21.260491161184696,21.470471174671328,327.4918794311335,-21.59434828056067,True,63453.0,194553165.9036704
A_M_2.3999999999999995_1.0_472,1361895,63445.35427364933,2463445.854645992,36453411.82535839,-21.92904144650252,335.3233428523118,2.178566628542559,-19.671756005313405,0.6573378395169783,127158075.74481276,-122292718.34633918,-59073115.84735375,11.977530716335147,40.08260734363345,19.381324219840767,95966903.87293772,-107961775.210897,-46801763.03614939,22.564267839745803,17.56702397449037,7.442453344269231,18.176912866604575,COM,0.944537,1.74233,2.37,0.108,2.787,63478.946075,60796.001439,23.71,0.15,33.6,29.2,g,1.0505587807704977,1.2147917041003622,24.32121160381691,335.05988194986736,-20.579143544786614,-7.991030150166621,22.98,22.059459370359605,22.685229530395805,24.31433964860071,9.403720794989743e-06,0.054327365125024514,11.184370818078229,0.09297887531345057,22.002417769240385,22.61879541844764,335.3233422465306,-19.671756470659744,True,63453.0,186049235.96611586
A_M_2.3999999999999995_1.0_208,1363232,63447.18874444568,2463447.6891169907,102449875.69252086,-20.79394085316836,325.1150166293429,0.1843187809652559,-18.795748482894712,0.0611124984914432,179060776.61033195,-160663946.860316,-78608819.60465868,8.703910834535918,32.21850871577289,15.61692805520529,99502536.0625078,-105194342.7559278,-45599935.78757141,22.33711935555953,18.06562351451792,7.720640649476863,6.6912545983326925,COM,1.273393,1.440033,2.488,5.429,2.53,63507.168446,60796.001439,22.990000000000002,0.15,33.6,29.2,g,0.939218924999874,1.0793417579073894,24.51961580563271,325.0611856069789,-17.35232990189605,134.2970995083267,22.26,23.829776404461796,23.840585471457,24.478742251640675,1.7838192617798984e-05,0.1158138371858417,8.797640952489905,0.11688821612671829,23.767900490430453,24.02420907912893,325.115026113264,-18.79573465742605,True,63455.0,253090916.5905948
A_M_2.3999999999999995_1.0_208,1363234,63447.18965380142,2463447.690025991,102448242.59437606,-20.79154663162619,325.1151935994709,0.1842904799921702,-18.79569291496152,0.0611491619851818,179061460.23757866,-160661416.31596166,-78607593.00133716,8.703795705065396,32.21861200315017,15.61697859248838,99504290.29792702,-105192923.84229046,-45599329.421321325,22.33536934437472,18.06772707353697,7.72078199869128,6.69091351071467,COM,1.273393,1.440033,2.488,5.429,2.53,63507.168446,60796.001439,22.990000000000002,0.15,33.6,29.2,g,0.9349197630914555,1.0741116339312111,24.536934957068,326.0574679358548,-20.131518153034417,138.9815793945805,22.26,23.8297128896592,23.84062468485829,24.468694808270495,1.7917063652483927e-05,0.1168185481430324,8.717045395889016,0.11791230997236762,23.85096799980027,23.9709942120125,325.1151949568304,-18.795660530437324,True,63455.0,253089412.88115668
A_M_2.3999999999999995_1.0_208,1363694,63449.18124078673,2463449.6816129903,98944588.25686891,-20.148185346363263,325.54943366392234,0.1909419388842248,-18.66489218929957,0.0667988644153445,180537200.85714945,-155097584.61651203,-75910607.0355678,8.445492194567137,32.44536544084082,15.727944563481064,103237211.7924428,-102068911.4959587,-44245120.09803505,21.67628397589789,18.743325941176376,8.015671893432975,5.984460508610204,COM,1.273393,1.440033,2.488,5.429,2.53,63507.168446,60796.001439,22.26,0.15,33.6,29.2,r,0.9380667335142958,1.0779400651025497,24.12156762300148,325.53581388121677,-19.39082776231694,179.61218498637479,22.26,22.961676741235102,22.973426719636848,24.120730026722125,1.1498447652436305e-05,0.07484594547561585,13.866312733944463,0.07560568431719891,22.937351987387405,22.97826239847646,325.5494336160109,-18.664903109390167,True,63455.0,249822660.91713783
A_M_2.3999999999999995_1.0_472,1363708,63449.18846965397,2463449.68884199,29744105.736259844,-18.286260035258405,346.18518484829,3.1602464116834583,-16.293301351337078,1.1516618078211722,130974407.58501343,-108874385.43265598,-52584955.78359068,11.036424702929937,40.924001225844535,19.787754764022345,103250746.11287896,-102057199.48199327,-44240113.284035705,21.66217000972701,18.759897068797716,8.016763667246234,24.821026156167285,COM,0.944537,1.74233,2.37,0.108,2.787,63478.946075,60796.001439,22.98,0.15,33.6,29.2,r,1.0074857118820588,1.162391376985473,24.00528473820481,346.5934793700451,-17.317097654159504,177.49723236605809,22.98,21.00075455914086,21.986967721505856,23.992911640126064,6.898049598589242e-06,0.04007776145413083,11.14954116747654,0.09325720380614863,20.999653103929496,21.976104067123064,346.1851731309513,-16.293300764262987,True,63453.0,178250118.71060827
A_M_2.3999999999999995_1.0_208,1364087,63450.13980524529,2463450.6401779903,97298771.62273768,-19.920731027707063,325.7647431905661,0.1966586410515637,-18.59748226067805,0.0684404621271491,181231392.3246821,-152405751.36924303,-74605715.0069864,8.316771577508502,32.55476110096258,15.781492810863496,104991532.07083943,-100524585.66751136,-43575418.30847465,21.39806227531996,18.980100488069912,8.154183611112492,5.64994972269354,COM,1.273393,1.440033,2.488,5.429,2.53,63507.168446,60796.001439,22.26,0.15,33.6,29.2,r,1.1855212502078907,1.3789796231239546,23.81426298282932,324.69162210349776,-17.51381339671867,158.1843981033634,22.26,22.89462509113119,22.902262564356743,23.766632089735946,1.834937884709468e-05,0.09535486338573887,10.819262007554926,0.09598180499635246,22.877656139136512,22.804400753797378,325.76472727196796,-18.59745469906983,True,63455.0,248270705.73482895
A_M_2.3999999999999995_1.0_208,1364088,63450.14024934337,2463450.6406219904,97298007.41115469,-19.91967690069028,325.76483531105976,0.1966304254336745,-18.59745186934509,0.0684573989500704,181231711.3894584,-152404502.43223545,-74605109.56280766,8.316711281035996,32.5548118006418,15.781517630028732,104992352.92314486,-100523857.53778744,-43575105.4996071,21.39744519243091,18.981273349224583,8.154248867939351,5.649788179803743,COM,1.273393,1.440033,2.488,5.429,2.53,63507.168446,60796.001439,22.26,0.15,33.6,29.2,r,1.1984388811890072,1.3946945026630257,23.800907676294194,327.50441975478265,-18.32603614263166,160.62875846206057,22.26,22.89459336963492,22.902059416884676,23.71953699473536,1.9322913622003452e-05,0.09926442878815339,10.375685291362633,0.09990194562393155,22.904487596478454,22.910264681237244,325.7648217161774,-18.597455632598564,True,63455.0,248269990.02627712
A_M_2.3999999999999995_1.0_208,1364138,63450.1639379831,2463450.66430999,97257295.7923172,-19.861368795235837,325.7697325669875,0.1953277438751653,-18.59581926106061,0.0693962235309897,181248730.56543452,-152337867.16064975,-74572806.9295919,8.313493473787887,32.557516729321904,15.782841784693412,105036109.35519108,-100484947.01238716,-43558413.090664,21.36046368453462,19.04176122877143,8.157742559466403,5.641152068012796,COM,1.273393,1.440033,2.488,5.429,2.53,63507.168446,60796.001439,21.930000000000003,0.15,33.6,29.2,i,1.3162259976249737,1.537987831660552,23.27672530497495,324.69162210349776,-17.51381339671867,158.1843981033634,22.26,22.562901011061957,22.568994703587425,23.22863423187295,2.435297261107606e-05,0.11358931130409533,9.017538627608378,0.11418253601129982,22.634930025515246,22.539940440865816,325.7697333878006,-18.59579702098482,True,63455.0,248231810.28223485
A_M_2.3999999999999995_1.0_208,1364139,63450.16438512632,2463450.6647579903,97256526.9953852,-19.86023065535963,325.7698248891882,0.1953070456199805,-18.59578816742851,0.0694145817540357,181249052.37772068,-152336606.86544237,-74572195.9788176,8.313432599678324,32.55756788700644,15.782866828175472,105036936.14423856,-100484209.93757124,-43558097.32590172,21.359689622694685,19.04286184483232,8.157808856903106,5.640988434974993,COM,1.273393,1.440033,2.488,5.429,2.53,63507.168446,60796.001439,21.930000000000003,0.15,33.6,29.2,i,1.3256337477151776,1.5494327831084886,23.268555978583368,327.50441975478265,-18.32603614263166,160.62875846206057,22.26,22.562869006912468,22.56887275582693,23.188150654809757,2.5420715704664513e-05,0.11757222606150365,8.696476400631493,0.11817655510323503,22.276520735932053,22.690118731793806,325.76982005005374,-18.595746450246956,True,63455.0,248231088.28710648
A_M_2.3999999999999995_1.0_472,1364349,63450.26630900486,2463450.76668199,28130971.481041536,-16.59217047391293,349.9644341891969,3.481621130676911,-14.936205350191274,1.357589469870882,131988732.5018562,-105052037.91513692,-50736762.97165495,10.744286986391042,41.161598148470816,19.902517148150476,105224078.9593562,-100315575.03818296,-43486190.81269048,21.12561505672548,19.2346954232623,8.173061504155045,27.436507010244725,COM,0.944537,1.74233,2.37,0.108,2.787,63478.946075,60796.001439,22.98,0.15,33.6,29.2,r,1.2083659153012116,1.4067711864978245,23.855411369450877,350.5686052371912,-14.478455151612462,146.98723663108635,22.98,20.93121183842665,21.84114436666209,23.854357055283693,8.051925753802667e-06,0.039997919412684,11.962372186560051,0.08716794147186374,20.950122258203525,21.78726848641557,349.96442835356703,-14.93622449775166,True,63453.0,176156678.25663552
A_M_2.3999999999999995_1.0_472,1365266,63451.23233508214,2463451.73270799,26816363.957307808,-15.11855487555098,353.6623860560947,3.798888958986856,-13.52818185202194,1.5492662736316476,132874239.5560396,-101607439.12647876,-49071230.0633373,10.471599719452907,41.37430602764013,20.00525475781646,106961232.03924318,-98729396.31198934,-42798249.36169197,20.85851208442187,19.51748274938951,8.310071531956607,30.12070561149655,COM,0.944537,1.74233,2.37,0.108,2.787,63478.946075,60796.001439,22.98,0.15,33.6,29.2,r,1.1103765758281805,1.2875627443165214,23.9218553866623,353.9140177124295,-12.806330477736395,81.59392280923407,22.98,20.88220271325811,21.95685376559529,23.920212725744726,7.78349126101241e-06,0.04184092408793246,9.840466554268811,0.10508071064302701,20.90962054614347,21.745711611638292,353.662394223168,-13.528175243444823,True,63453.0,174320454.46064517
A_M_2.3999999999999995_1.0_472,1367335,63453.29070770076,2463453.791079989,24499087.56896172,-11.02050119870529,2.4925130646524147,4.448630119662713,-9.869151440053574,1.9975703517099983,134682535.1141434,-94208819.71492104,-45493880.08700063,9.855197410046252,41.82512122227343,20.222987372990268,110568826.4038934,-95258490.00693184,-41294768.725421965,19.96704286568428,20.229890947615928,8.595289142407509,36.93034225316912,COM,0.944537,1.74233,2.37,0.108,2.787,63478.946075,60796.001439,22.98,0.15,33.6,29.2,r,0.7318561658519629,0.8270756275571325,24.423050835043444,1.8440803569807636,-9.009318278116314,110.92469998980923,22.98,20.83080636867434,22.512723125107616,24.411486186585886,5.724993244007613e-06,0.04366897045182913,5.430328779461024,0.18351763497156284,20.759220184446782,22.603465488906654,2.492506294314637,-9.86915352088588,True,63453.0,170541432.21581483
A_M_2.3999999999999995_1.0_472,1367388,63453.316768607816,2463453.817140989,24474408.20373339,-10.900814648133013,2.6102598586473107,4.454943446016397,-9.816992317007102,2.0052787014956617,134704717.4409895,-94114633.49417728,-45448339.8339071,9.847077622608504,41.83079631166429,20.225728201232744,110613700.8604777,-95212923.02412269,-41275410.74885304,19.89165616179368,20.242241881910733,8.599035864066645,37.024009448105154,COM,0.944537,1.74233,2.37,0.108,2.787,63478.946075,60796.001439,22.650000000000002,0.15,33.6,29.2,i,0.7601833732419809,0.8615369504160352,23.93217649561311,1.8440803569807636,-9.009318278116314,110.92469998980923,22.98,20.500641015873086,22.14261986801295,23.91935510136416,6.426619092344236e-06,0.04856059978886158,5.028037495698143,0.1969435933914841,20.44360707226795,21.883237816749247,2.6102485367752593,-9.817003285385654,True,63453.0,170494799.72203976
A_M_2.3999999999999995_1.0_472,1368271,63454.29027182231,2463454.7906439886,23650506.295995183,-8.773396432646512,7.219789771782512,4.729473999799527,-7.766806348554944,2.1997564633240274,135520068.85360438,-90587209.47717896,-43742789.93038792,9.538000168342158,42.04197922648073,20.32771863189539,112272321.5282013,-93532241.14480808,-40546623.34715375,19.59260515765763,20.54107557124617,8.729701913685574,40.75774901040772,COM,0.944537,1.74233,2.37,0.108,2.787,63478.946075,60796.001439,23.71,0.15,33.6,29.2,g,0.6791661662709392,0.7629758713758384,24.90259559644874,8.075314506910496,-6.719982920888433,142.22067299429673,22.98,21.56827112700506,23.402771880835665,24.871892286177314,7.2881742564000085e-06,0.0627795090171998,3.209424150006552,0.29448893025186784,21.632057525508916,23.21802739252647,7.219791823168691,-7.766808608970103,True,63453.0,168775481.79117137
A_M_2.3999999999999995_1.0_472,1368322,63454.31459531836,2463454.814967989,23632190.75613953,-8.65714745106181,7.335931412934186,4.733379701119925,-7.713223446508383,2.2060068820139334,135540106.170354,-90498846.23154467,-43700065.41797704,9.53013289781209,42.04723371861236,20.33025622822839,112313423.1841045,-93489059.1196051,-40528273.45208283,19.522059756547883,20.55190508612735,8.73313652323158,40.85272038729445,COM,0.944537,1.74233,2.37,0.108,2.787,63478.946075,60796.001439,22.98,0.15,33.6,29.2,r,0.7494973914466126,0.8485369725627891,24.386858705931278,8.075314506910496,-6.719982920888433,142.22067299429673,22.98,20.838683487872007,22.564644743968795,24.365674892540692,6.244112848725458e-06,0.04754938572641712,4.763879608712048,0.20688530862096394,20.835258130387995,22.564888964013186,7.335922772660638,-7.7132289518707315,True,63453.0,168733094.76047394
A_M_2.3999999999999995_1.0_241,1369620,63455.99963860591,2463456.500010988,138109766.62795627,-15.626216312927031,299.4496953022474,-0.1187539702902655,-22.51867339123056,-0.0202248969266803,177829109.32947588,-201618230.9455178,-92134575.01743898,9.183919829500486,31.646674837580058,14.415602041804291,115103445.86991592,-90523524.0280062,-39240672.94452732,19.27329617499828,20.518305750316767,8.952451290059074,11.74959959412421,COM,1.308285,1.526835,1.075,4.807,3.722,63530.220844,60796.001439,21.610000000000003,0.15,33.6,29.2,i,1.0152462662392492,1.171832440680352,23.421461614686592,299.6631726094574,-22.628057447589697,216.34755128995005,21.94,23.553178944142125,23.556732674467032,23.421461614686592,3.8417129123174773e-05,0.22162193369396682,4.401773500943392,0.22227169612917277,23.794792788455158,23.40510266064265,299.44964483305984,-22.518621777873427,True,63483.0,284186352.74790895
A_M_2.3999999999999995_1.0_208,1369859,63456.11601677794,2463456.616388988,87615687.50423811,-18.01467380458701,327.20839571123355,0.2284244514016903,-18.099636742672796,0.0922776359769186,185306398.3602078,-135418929.41300252,-66370181.71569014,7.446363352309842,33.23724942747553,16.115786197360976,115297181.618241,-90315585.95792592,-39150580.74157552,19.22610690376677,20.841226963394146,8.967431869702898,3.773456727191841,COM,1.273393,1.440033,2.488,5.429,2.53,63507.168446,60796.001439,21.76,0.15,33.6,29.2,z,0.8756214764500256,1.0019725990876225,23.08429003076374,326.6013744591319,-19.403548285912972,-148.85364463695808,22.26,21.973745869461773,21.993758028416284,23.04617707236374,1.1692017811784912e-05,0.08136866004981877,12.62225228733282,0.08278015717209908,21.962938314570888,21.967635094318076,327.20841008593993,-18.099623808400835,True,63455.0,238917870.27673236
A_M_2.3999999999999995_1.0_241,1370013,63456.1953019673,2463456.695673988,137849444.73819286,-15.145831524461348,299.4238049242859,-0.1223002225486203,-22.522033574025382,-0.013785507892309,177984226.89877546,-201083040.8354263,-91890786.51782152,9.166496632677676,31.666391604394114,14.424612259129606,115428428.04125229,-90172153.10861988,-39089115.82856285,19.079284166558985,21.02585920459192,8.97798103408832,11.872010375020244,COM,1.308285,1.526835,1.075,4.807,3.722,63530.220844,60796.001439,21.44,0.15,33.6,29.2,z,0.6028000860586064,0.6700730973948982,23.59150753022327,299.6631726094574,-22.628057447589697,84.13920882524181,21.94,23.38073370823439,23.39199470625021,23.59150753022327,1.703046089876064e-05,0.16790363963947247,5.91852164833496,0.16950015930195717,23.555718923757457,23.570145748027333,299.4238182571664,-22.521998522988792,True,63483.0,283825106.33000803
A_M_2.3999999999999995_1.0_208,1370141,63456.25956192623,2463456.759933989,87394523.37631781,-17.639772762298563,327.2424766081906,0.225929849048172,-18.085918778074504,0.0990134757781229,185398616.93952525,-135006585.61846495,-66170247.53757026,7.423961351020624,33.253589512029414,16.123794956992484,115533907.91305909,-90055124.31779975,-39039245.422724366,18.912169714863204,21.121351327141447,8.986669598546625,3.7340926349933015,COM,1.273393,1.440033,2.488,5.429,2.53,63507.168446,60796.001439,21.76,0.15,33.6,29.2,z,0.7346905571467918,0.8305237921493817,23.363177458283705,326.6013744591319,-19.403548285912972,95.23047912221367,22.26,21.963661070642743,21.992616144110592,23.321384336492557,7.966447413038204e-06,0.06426439161582266,15.984952485327684,0.0658824665052645,21.953393366204093,22.05878656415187,327.242474609708,-18.085916348184476,True,63455.0,238700496.40214
A_M_2.3999999999999995_1.0_208,1370143,63456.26048353519,2463456.760855988,87393118.19936606,-17.63734745781922,327.24269576298224,0.2259725582756149,-18.085827467586974,0.09905707386425,185399208.3669709,-135003936.45214233,-66168963.02615273,7.423817227642844,33.2536944485318,16.12384639032623,115535414.36763224,-90053441.73753296,-39038529.53278194,18.90957569310834,21.122285721436867,8.986794786402971,3.733840197472084,COM,1.273393,1.440033,2.488,5.429,2.53,63507.168446,60796.001439,21.76,0.15,33.6,29.2,z,0.689632577428572,0.7757087316649294,23.430841183807246,327.4903918101775,-16.409256885148796,102.2706843657495,22.26,21.963596613946425,21.996674122282144,23.345517091434118,7.428242998876566e-06,0.06320223869430676,16.202701360454267,0.06502305661546871,21.891923316676472,22.032463613165845,327.24268436031434,-18.0858204799987,True,63455.0,238699101.35698026
A_M_2.3999999999999995_1.0_208,1370560,63458.10864714114,2463458.609019988,84607032.29144059,-17.38941815355949,327.7405231328836,0.2425118900375673,-17.897570887757176,0.1023968610614205,186561333.7103717,-129676863.2392336,-63585915.15336032,7.128863614632034,33.46352526006018,16.226714599931082,118476626.57251376,-86702866.03908363,-37584797.258960254,18.456483140082085,21.414537284854404,9.217930188537048,3.323879640780657,COM,1.273393,1.440033,2.488,5.429,2.53,63507.168446,60796.001439,21.580000000000002,0.15,33.6,29.2,y,0.8627778990623594,0.986347809078296,22.109892690274986,326.49215592381887,-17.402242266044592,173.64968122867035,22.26,21.65968783702716,21.683188753767904,22.084369018056446,2.0303733731755148e-05,0.14213850697772948,6.999061166881694,0.1449980719672412,22.002817421949818,21.67887347178354,327.74052755491255,-17.8975481604326,True,63455.0,235933017.4037748
A_M_2.3999999999999995_1.0_208,1370611,63458.13164269819,2463458.632014988,84572534.4355804,-17.335589398189992,327.7463621379264,0.2408338947430163,-17.895204939049968,0.1033961061495407,186575494.20624584,-129610372.54118764,-63553673.30060892,7.125116877655296,33.466128506311584,16.22799111191043,118513263.16420442,-86660260.83104856,-37566480.48330413,18.42283505403565,21.473828187244024,9.220839955357274,3.319288073096163,COM,1.273393,1.440033,2.488,5.429,2.53,63507.168446,60796.001439,21.580000000000002,0.15,33.6,29.2,y,0.8750481455420956,1.0012751162312599,22.13977937179495,326.49215592381887,-17.402242266044592,173.64968122867035,22.26,21.658162358629525,21.680787339484567,22.11396886217874,2.0007061639989652e-05,0.13830731724855422,7.211705792361544,0.14098845036340182,21.613645280770733,21.60991075896896,327.74635160832145,-17.89522017117785,True,63455.0,235898989.1851401
A_M_2.3999999999999995_1.0_472,1372513,63460.327790296426,2463460.8281629877,23185973.54069767,6.680591207181401,38.20450007853657,4.812978981236448,6.967259872220225,2.287351147433515,139947715.4359441,-68324862.0534221,-32978928.147679318,7.36258841571284,43.29079533533898,20.93071537990243,121862525.77620693,-82558803.14486115,-35791436.815525524,17.115212296641914,22.278681129059144,9.485819909239517,66.60273854797306,COM,0.944537,1.74233,2.37,0.108,2.787,63478.946075,60796.001439,23.71,0.15,33.6,29.2,g,1.0740031880176344,1.2433128808000418,24.25423919615278,39.12148808505644,5.5482089302721045,124.92639942496692,22.98,22.143668544940482,23.503616123695874,24.170132638539403,2.2514004693848203e-05,0.12770293752679576,2.322781861743377,0.38873351264529665,22.428261268971678,23.482080701791958,38.20455919585049,6.9672500644196695,True,63453.0,159189382.59861723
A_M_2.3999999999999995_1.0_472,1372564,63460.35184538423,2463460.852217988,23199971.00380392,6.791273629931835,38.32101463617509,4.80255550454699,7.022215638706864,2.281801910603415,139963007.19625178,-68234885.70970055,-32935425.38762275,7.353015098770571,43.29546414138088,20.93296918823961,121898025.94080158,-82512509.68466885,-35771718.82219307,17.047058804722283,22.268078441804004,9.48882080075708,66.69541001696707,COM,0.944537,1.74233,2.37,0.108,2.787,63478.946075,60796.001439,22.98,0.15,33.6,29.2,r,0.9621549665654218,1.1072444848727758,24.002527067200457,39.12148808505644,5.5482089302721045,124.92639942496692,22.98,21.417393242823266,22.890745347701184,23.92060574352191,1.464880603501545e-05,0.09325998560949547,2.9304753668507564,0.3187675092122627,21.518308528528173,23.573732377857795,38.321009708744896,7.022224691908878,True,63453.0,159155223.7807405
A_M_2.3999999999999995_1.0_241,1377290,63468.03849175512,2463468.5388639853,124047962.4528114,-11.988179556815016,298.4243002678578,-0.0530590598148724,-22.592599950908976,0.0031114641706445,186768799.65954036,-168055164.5445687,-76845025.43202801,7.945778589656615,32.896227092453984,14.986790535560374,132253548.34279533,-67333442.82397392,-29188765.232497957,14.370072693056198,23.821921160549014,10.309387773621404,19.24434161909298,COM,1.308285,1.526835,1.075,4.807,3.722,63530.220844,60796.001439,21.94,0.15,33.6,29.2,r,0.9761205601941584,1.124234258143745,24.08563519826187,297.3607421580266,-21.96945627412452,-145.274155804055,21.94,23.73244329016515,23.73319700445681,24.069508952189118,2.4144031466911963e-05,0.14930851040616147,6.778592091454585,0.14940374284431157,23.7407029021076,23.716163556747816,298.42430662911335,-22.59260419694217,True,63483.0,262736142.9077024
A_M_2.3999999999999995_1.0_208,1378604,63477.15028898841,2463477.650660984,61216469.05117654,-11.340115494810716,334.99592367019454,0.4713834277024319,-14.476199083239049,0.2748974003425646,195363075.30713823,-72927850.31227714,-36057060.15953308,3.335710651044723,35.44242502534291,17.20018250809407,141645328.71749255,-47874200.7586764,-20754301.30795261,10.05335079977346,25.87877192485643,11.074429255860688,6.434762710615354,COM,1.273393,1.440033,2.488,5.429,2.53,63507.168446,60796.001439,22.26,0.15,33.6,29.2,r,0.7483268847039063,0.8471129984232437,24.37776412368214,335.1789512108925,-13.962566823056004,-170.9150840294041,22.26,21.580844560596965,21.705177074816216,24.37776412368214,3.7079643463917523e-06,0.021174217361511122,45.84823764435788,0.023426528855151195,21.592537153120944,21.664877476619523,334.99591896642403,-14.476191363439915,True,63455.0,211625409.93930918
A_M_2.3999999999999995_1.0_241,1379170,63477.98245358874,2463478.482825984,114874193.6335904,-9.8181764686982,298.5287364972783,0.0500162970502542,-22.415536455404556,0.0278952181650741,193050715.20068383,-139334872.9065544,-63759882.388861,6.627769679177699,33.959036292502375,15.47294365080134,142332227.8785266,-46034661.81364417,-19955932.6041877,9.825683125643842,25.64760719136463,11.130785386144334,25.362981293850176,COM,1.308285,1.526835,1.075,4.807,3.722,63530.220844,60796.001439,21.610000000000003,0.15,33.6,29.2,i,0.7273728669168378,0.8216214925995593,23.83256314314487,299.71690208485904,-23.116523494412803,108.63268992813911,21.94,23.284683600251824,23.286320498406493,23.80621701093767,1.539398491507786e-05,0.1277833066591549,7.994681199943174,0.12796156225948546,23.389603763355588,23.334550901751964,298.52872767044573,-22.41552640467755,True,63483.0,246471312.83300006
A_M_2.3999999999999995_1.0_241,1379191,63477.99319336389,2463478.493565984,114865092.90473136,-9.794668575369206,298.52931470431975,0.049533095635743,-22.415234655305387,0.028308532426595,193056864.8108537,-139303359.53240883,-63745523.77473361,6.626181653120579,33.96018218758652,15.473468016622078,142341343.91833153,-46010849.100423016,-19945603.616010346,9.822003070065367,25.6764519867344,11.13150161181859,25.36958698413672,COM,1.308285,1.526835,1.075,4.807,3.722,63530.220844,60796.001439,21.44,0.15,33.6,29.2,z,0.7185030304593294,0.8108309372984542,23.35039583216203,299.71690208485904,-23.116523494412803,108.63268992813911,21.94,23.114560540942357,23.116228498759973,23.32407223605304,2.0031245997210888e-05,0.16642850590395752,6.027381106370193,0.16666213563865354,23.3657803015097,23.209741373727386,298.5292658616233,-22.41525054129867,True,63483.0,246454601.96337768
A_M_2.3999999999999995_1.0_241,1379539,63478.15722932013,2463478.657601984,114729090.85363989,-9.395399464704724,298.5380136803183,0.0515241001619768,-22.410015863237653,0.0353175282228267,193150606.65950665,-138821912.2905418,-63526159.02688179,6.601880687823356,33.97768056419357,15.48147540179242,142479083.3837458,-45644053.25905362,-19787759.38394903,9.55399440703494,26.05109274743715,11.143066609626098,25.47058692859014,COM,1.308285,1.526835,1.075,4.807,3.722,63530.220844,60796.001439,21.610000000000003,0.15,33.6,29.2,i,0.7805610199077376,0.8863272748269314,23.871911546568704,299.71690208485904,-23.116523494412803,-26.606833913714173,21.94,23.282738773926514,23.284412218650303,23.845855502972,1.589562295594704e-05,0.12334167162690207,8.299597967032106,0.12351779560407883,23.371201475597,23.45123976071666,298.53802983547905,-22.409997362921157,True,63483.0,246199620.36048514
A_M_2.3999999999999995_1.0_241,1379590,63478.18158342271,2463478.681955984,114709374.7622245,-9.343381952612177,298.5393937624619,0.053308837860259,-22.409144488968,0.0362269739559935,193164494.8720819,-138750411.97711173,-63493580.86058988,6.598265345205997,33.98027796438225,15.48266400130344,142499117.73749587,-45589201.56846496,-19764310.419082675,9.487659715655742,26.083297819483658,11.144859695573365,25.48550074708527,COM,1.308285,1.526835,1.075,4.807,3.722,63530.220844,60796.001439,21.44,0.15,33.6,29.2,z,0.6953524587555713,0.7826672247634687,23.357776715451436,299.71690208485904,-23.116523494412803,-26.606833913714173,21.94,23.112474555777663,23.11475793711942,23.331760481471715,1.9243855874599357e-05,0.16517231406626043,6.07343494529489,0.1654899492254142,23.036515740643104,23.326153976103868,298.5393712227151,-22.409152876337735,True,63483.0,246161803.9288489
A_M_2.3999999999999995_1.0_241,1380451,63479.15790532881,2463479.658277984,113909137.76600423,-9.199319874880596,298.6168694601788,0.0642380286925708,-22.376412542587705,0.0385560843216213,193714945.56718653,-135879553.04876396,-62185503.25132067,6.451736842520854,34.08427805264867,15.53025781057052,143266099.30372858,-43414609.81870767,-18821464.57013939,9.067276878972615,26.20560640061732,11.207904624531862,26.068016469631782,COM,1.308285,1.526835,1.075,4.807,3.722,63530.220844,60796.001439,21.94,0.15,33.6,29.2,r,0.6210873205534119,0.6923203413058538,24.57712450448353,297.38835520502835,-22.16161948269748,23.86971456186256,21.94,23.601174504855745,23.605111165635492,24.561452884742764,9.168696265902858e-06,0.0879849906800858,11.805135999044055,0.0882830016649392,23.712856090410703,23.58963818403683,298.6168576084113,-22.37640902427815,True,63483.0,244654388.6535656
A_M_2.3999999999999995_1.0_241,1380502,63479.18203029942,2463479.682402984,113890014.51379351,-9.148549393618977,298.61856854579725,0.0660683234249525,-22.375471383520924,0.0394527243872746,193728390.16399783,-135808502.9309885,-62153129.76731021,6.44807655396359,34.08684450412674,15.531432357035593,143284930.68694004,-43359953.52887493,-18798101.046486013,9.000913520813079,26.236192158178,11.209602123825418,26.08267914455377,COM,1.308285,1.526835,1.075,4.807,3.722,63530.220844,60796.001439,21.610000000000003,0.15,33.6,29.2,i,0.8966069622645543,1.0275023871831561,23.650988838702368,297.38835520502835,-22.16161948269748,23.86971456186256,21.94,23.270914032388777,23.272803246919455,23.635232872364714,2.1700477191507438e-05,0.1460865945925313,6.931487436899013,0.14632050059223992,23.182461095025463,23.08576360483199,298.61853464384353,-22.37544622114089,True,63483.0,244617354.58418027
A_M_2.3999999999999995_1.0_208,1380569,63479.21254575562,2463479.712917983,59266678.60515898,-10.52624641109708,336.1049557605517,0.5092010496967231,-13.878399224023568,0.30556287918526,195913539.02199084,-66596625.20540799,-32984371.797470056,2.840144722842936,35.61907963475803,17.287599427582094,143308545.5009896,-43290744.11657639,-18768544.131946493,8.91217296228746,26.262489055626894,11.21176118812145,6.957991328649441,COM,1.273393,1.440033,2.488,5.429,2.53,63507.168446,60796.001439,21.930000000000003,0.15,33.6,29.2,i,0.5719058151942724,0.6324888262704044,24.25490542905576,336.0136992092848,-15.171896738930217,69.13350035791935,22.26,21.183544744913185,21.42012621253711,24.228846723595705,3.2542898116030806e-06,0.0191419893935741,46.348544368860296,0.023176332291080858,21.186569842777804,21.448504025747653,336.1049564730112,-13.878405958838371,True,63455.0,209535662.94009343
A_M_2.3999999999999995_1.0_208,1383072,63482.10032478081,2463482.6006969837,56735138.65947456,-9.850984040228274,337.8022976112277,0.5683006796746967,-12.942289450291616,0.3416604302303687,196532928.5770392,-57680271.73613656,-28656548.38522846,2.119568458823612,35.84713506668523,17.400717808579735,145337143.70760435,-36790053.791879006,-15949606.795932809,7.736558866254255,26.52179915579809,11.3786224977189,7.599484657141263,COM,1.273393,1.440033,2.488,5.429,2.53,63507.168446,60796.001439,22.26,0.15,33.6,29.2,r,0.8937418181997709,1.0240168104620084,24.136372703022154,338.14855931285257,-11.889640687058549,68.4189089616876,22.26,21.419048277005036,21.544545958286616,24.123579280256465,4.21992881217238e-06,0.022911648646700027,42.260665897782935,0.025392160500976296,21.36863418128423,21.56107108606893,337.802297340795,-12.942289114684076,True,63455.0,206817319.2166872
A_M_2.3999999999999995_1.0_241,1384594,63483.9769893643,2463484.4773619827,110176804.02881823,-8.747307157882076,299.2013009159012,0.1297928144976528,-22.16878666367354,0.0480443791002338,196243757.7710385,-121581385.42110458,-55670424.164471686,5.681745241877778,34.59212585330518,15.762733150354268,146464377.56769264,-32516420.749723475,-14096712.27028315,6.916035840617313,26.46408914700537,11.471924961816338,28.870936132884463,COM,1.308285,1.526835,1.075,4.807,3.722,63530.220844,60796.001439,21.94,0.15,33.6,29.2,r,1.1180970508380907,1.2969550496813755,23.513319199132717,300.51940100771145,-21.12825354670615,-168.8447330611643,21.94,23.545978508297853,23.54980680014567,23.444500721295242,4.1161385661775045e-05,0.2162369632114813,4.521843293193824,0.21692142468419795,23.22195377489248,23.360859052983297,299.20129618246335,-22.168765626551835,True,63483.0,237471770.68372867
A_M_2.3999999999999995_1.0_241,1384604,63483.98162960985,2463484.4820019826,110173298.94461714,-8.73709068853189,299.20195073952067,0.1296002518333978,-22.168563297528987,0.0482346031312968,196246035.4700003,-121567517.07521866,-55664104.71929197,5.680965532770072,34.59260883839415,15.762954303366,146467149.7396447,-32505808.94495632,-14092113.178061536,6.913787783522119,26.476348948084755,11.47214190024054,28.873648264948347,COM,1.308285,1.526835,1.075,4.807,3.722,63530.220844,60796.001439,21.94,0.15,33.6,29.2,r,1.1116690936827422,1.2891351504656232,23.72988363876678,300.51940100771145,-21.12825354670615,-169.43927997845665,21.94,23.545926579942194,23.54979490720825,23.661178581803078,3.364305018757574e-05,0.18058915578674428,5.506660439567146,0.18117461456200826,23.604339512055518,23.582370621877317,299.20199361995475,-22.168595957023225,True,63483.0,237465071.53627142
A_M_2.3999999999999995_1.0_208,1384661,63484.00933287371,2463484.509704983,55192880.69084141,-9.379389616060855,339.0169248007022,0.621080158333069,-12.255700853604695,0.3675811855494151,196842075.7520581,-51756062.424264185,-25780716.05474717,1.6268426470455917,35.984167307184656,17.468884159548892,146483675.99092174,-32442349.438425925,-14064652.588219728,6.893230621673951,26.549116056025877,11.473458354822332,7.956471976364933,COM,1.273393,1.440033,2.488,5.429,2.53,63507.168446,60796.001439,21.930000000000003,0.15,33.6,29.2,i,1.0328844239603494,1.193290053479744,23.288146134588974,339.20688888229427,-12.935506305683555,187.7224753746978,22.26,21.027078552399445,21.138096112112482,23.287629151885483,5.944505146161912e-06,0.032651089827012245,29.79336671536961,0.03584397945966841,21.043185483608696,21.15594268656889,339.01692580140843,-12.255709228841168,True,63455.0,205158811.9100391
A_M_2.3999999999999995_1.0_208,1384850,63484.10400889417,2463484.604380983,55116928.22286505,-9.174757070158975,339.0764358045439,0.6090781398344254,-12.220685528317446,0.3723938590259265,196855282.48048487,-51461676.01809643,-25637802.808274373,1.602079161976755,35.99065906098346,17.472118143028815,146539507.30091822,-32224235.08430894,-13970780.432243692,6.736513328607937,26.76851989065772,11.478212254321852,7.975011926104684,COM,1.273393,1.440033,2.488,5.429,2.53,63507.168446,60796.001439,21.76,0.15,33.6,29.2,z,0.7640709351666953,0.8662663444850308,23.278575824985865,339.20688888229427,-12.935506305683555,173.74594666828392,22.26,20.854036093223968,21.044770553591412,23.27773799285329,4.592580736774876e-06,0.03074241257592251,29.597344642271587,0.03607747181977342,20.872856080599096,21.03233682767673,339.0764459595869,-12.22068870980421,True,63455.0,205079504.7582741
A_M_2.3999999999999995_1.0_241,1384857,63484.10799446569,2463484.6083669825,110079554.33327185,-8.429781502889455,299.21953490529114,0.130009072216634,-22.162112304581125,0.0539341467289311,196307945.63375533,-121189754.58474097,-55491967.99466037,5.659702209625112,34.60575687502377,15.768974676734718,146541825.71604714,-32215014.967045613,-13966827.410776142,6.727336082347037,26.77602106977808,11.478419880903209,28.947605614804505,COM,1.308285,1.526835,1.075,4.807,3.722,63530.220844,60796.001439,21.44,0.15,33.6,29.2,z,0.671356787698204,0.7534754108250656,23.476172817001885,300.51940100771145,-21.12825354670615,71.36977553907637,21.94,23.044548398323514,23.056192303603115,23.41075172151618,1.6500964549505714e-05,0.14736130844915155,6.807020270743668,0.14882065775480452,23.243138137565033,23.213816216741176,299.21952708807464,-22.16213078854649,True,63483.0,237282794.671623
A_M_2.3999999999999995_1.0_241,1384914,63484.13357663003,2463484.6339489827,110060986.92488188,-8.369973645414957,299.22314501265987,0.1314514271078385,-22.1607182575474,0.0550414444023347,196320450.7732042,-121113260.92268018,-55457111.74658161,5.655390771532431,34.60841733340154,15.770192888886832,146556626.77832353,-32155782.66246838,-13941455.352041662,6.664465782727426,26.819615833087585,11.479763590001337,28.9625305396808,COM,1.308285,1.526835,1.075,4.807,3.722,63530.220844,60796.001439,21.44,0.15,33.6,29.2,z,0.7677647536610612,0.8707600409501961,23.289516957639695,298.7217234347862,-23.7714599112234,61.83149573479083,21.94,23.044276013707375,23.053236482639395,23.207485994390495,2.2468763628177113e-05,0.17439584583467788,5.692580497687124,0.17571105733858278,23.132761102111655,22.901552316960313,299.2231701856458,-22.16077334706897,True,63483.0,237245932.7499465
A_M_2.3999999999999995_1.0_241,1384917,63484.13625070151,2463484.6366229826,110059053.67500518,-8.363944311345056,299.22352480270365,0.1316270704443082,-22.160570927270708,0.0551530855903655,196321757.3427783,-121105264.96056148,-55453468.18593364,5.654939979679839,34.608695396686464,15.770320213053283,146558165.69370493,-32149585.957604025,-13938803.124720115,6.657529110494522,26.823692579797896,11.47990505685418,28.96408837010913,COM,1.308285,1.526835,1.075,4.807,3.722,63530.220844,60796.001439,21.610000000000003,0.15,33.6,29.2,i,0.8151783850497948,0.9284408577248112,23.827650558517103,300.51940100771145,-21.12825354670615,71.36977553907637,21.94,23.214247624812778,23.222159960983937,23.76300965873904,1.6909152884674986e-05,0.12572359842725714,8.087587058221052,0.1265740393869931,23.164217151972412,23.353660850784937,299.2235142103802,-22.160601298395584,True,63483.0,237242080.4603873
A_M_2.3999999999999995_1.0_241,1384974,63484.161743587,2463484.6621159827,110040690.68899444,-8.309108535806837,299.22717321090715,0.1335250754533772,-22.159151765983005,0.0561687417180577,196334208.49831015,-121029030.97485876,-55418730.25152063,5.650641031290398,34.61134611481645,15.771533969287406,146572754.39513093,-32090465.173128717,-13913516.049212612,6.588463506211258,26.85763483400009,11.481261657407735,28.97891522213457,COM,1.308285,1.526835,1.075,4.807,3.722,63530.220844,60796.001439,21.610000000000003,0.15,33.6,29.2,i,1.0117382684956087,1.1675648035226383,23.53603747396043,298.7217234347862,-23.7714599112234,61.83149573479083,21.94,23.21397757576321,23.219145842598305,23.453510396782963,2.7441785896491365e-05,0.1629261105468964,6.147597871174864,0.1636366481935313,23.226059497427702,23.29342123236226,299.2271567151244,-22.15914921055555,True,63483.0,237205361.29704583
A_M_2.3999999999999995_1.0_208,1386394,63488.20203564416,2463488.702407982,52171712.4122158,-7.525582371998294,341.9430790884505,0.6945527351850105,-10.54960990614319,0.4421094009771322,197229410.63155672,-38671887.55979457,-19428196.51721172,0.5022841322265997,36.24189702198026,17.59774219797295,148465643.0513318,-22774002.531463426,-9876243.88799911,4.456679625212691,27.25453902922542,11.63966067914792,8.53175301450845,COM,1.273393,1.440033,2.488,5.429,2.53,63507.168446,60796.001439,21.580000000000002,0.15,33.6,29.2,y,0.8353676065612171,0.9530019544540355,22.21852877067864,343.03043113724027,-11.539641386221282,59.563526947944126,22.26,20.544306896923555,20.750703852093583,22.17602768493124,8.550861098320067e-06,0.06130172421635449,14.33953977288556,0.07319279232196442,20.560975227864464,20.85535265702472,341.9430765462176,-10.549622460077924,True,63455.0,201921792.101348
A_M_2.3999999999999995_1.0_208,1386398,63488.20383074924,2463488.704202982,52170545.6175211,-7.520600084568338,341.944347364258,0.6946842490345311,-10.548816226104078,0.442213760704205,197229488.4934828,-38666266.72816457,-19425467.246430133,0.5017910166720032,36.24199369337897,17.59779076575363,148466333.8082283,-22769775.634760164,-9874438.710763857,4.451254685193286,27.255109639624365,11.639733006765711,8.531980630044385,COM,1.273393,1.440033,2.488,5.429,2.53,63507.168446,60796.001439,21.580000000000002,0.15,33.6,29.2,y,0.8463531877300161,0.9663664084306766,22.191871865705565,341.6980822123883,-9.058998449002928,59.495466442881906,22.26,20.544254081932916,20.74598987979381,22.140431570853067,8.862571070063795e-06,0.06291948828359133,14.015746028875595,0.07482673717419343,20.500775103628133,20.85560338805832,341.9443607124991,-10.54882766856458,True,63455.0,201920529.14906043
A_M_2.3999999999999995_1.0_208,1386445,63488.22506220453,2463488.725434982,52156802.30807453,-7.462662933672269,341.959369701854,0.6965956668742951,-10.539414170251453,0.4434295839346982,197230403.67353797,-38599780.08164957,-19393183.737279672,0.4959575263136619,36.24313623376333,17.598364796815726,148474440.37988356,-22719773.92538279,-9853085.478439532,4.386891046532056,27.25796032438697,11.640588143433938,8.534650278216196,COM,1.273393,1.440033,2.488,5.429,2.53,63507.168446,60796.001439,21.580000000000002,0.15,33.6,29.2,y,0.7189160729011209,0.8113334220208284,22.372783127467034,343.03043113724027,-11.539641386221282,59.563526947944126,22.26,20.543630839526188,20.812726756577813,22.33094868144289,7.018114609098638e-06,0.056884377731889285,14.655153585796828,0.07166739611748828,20.542492004847386,20.778910006480977,341.9593636206528,-10.539416985229924,True,63455.0,201905598.56290844
A_M_2.3999999999999995_1.0_208,1386449,63488.22685270352,2463488.7272249823,52155648.47951625,-7.45787837320061,341.9606381766052,0.6967863519755942,-10.538620341099724,0.4435302429093524,197230480.3401957,-38594174.71587278,-19390461.972922787,0.4954656635871202,36.24323247927828,17.59841315365798,148475118.41936943,-22715558.32416886,-9851285.18594473,4.381465441325531,27.257871628339803,11.64066015003968,8.534873243350354,COM,1.273393,1.440033,2.488,5.429,2.53,63507.168446,60796.001439,21.580000000000002,0.15,33.6,29.2,y,0.7306472140893149,0.8256048833203343,22.338912752300644,341.6980822123883,-9.058998449002928,59.495466442881906,22.26,20.543578409801974,20.805474246623444,22.288408670630027,7.3028236816216515e-06,0.058606860637629,14.300178283713889,0.07338759866655443,20.45906132237976,20.896884832768087,341.9606284276411,-10.5386322593848,True,63455.0,201904340.5000175
A_M_2.3999999999999995_1.0_208,1387153,63489.11189813053,2463489.612270982,51586341.81900786,-7.423074495004736,342.6326996882843,0.7158261963224483,-10.141962655805065,0.4531064954918386,197259040.8845734,-35820878.1410343,-18043817.88598037,0.2511348169393962,36.28931498052881,17.621595526893746,148793792.68976167,-20663160.942512747,-8960096.786537685,4.205274817851104,27.237792176274414,11.666936832395065,8.609703903681844,COM,1.273393,1.440033,2.488,5.429,2.53,63507.168446,60796.001439,21.930000000000003,0.15,33.6,29.2,i,0.9334899080434538,1.072372150904445,23.468977000561445,343.05167615810217,-11.42260508648204,117.44819469406026,22.26,20.866247064813525,21.043804485806568,23.43856809514972,4.793640724391088e-06,0.026927034899711128,34.29047853832781,0.0312100037581514,20.846024631312893,20.960689554992026,342.6327050973245,-10.141964500534911,True,63455.0,201295414.46689504
A_M_2.3999999999999995_1.0_208,1387204,63489.13608617227,2463489.636458982,51570897.04325908,-7.356643743786673,342.6502737672038,0.7147589715929037,-10.13098641644448,0.4544771904701902,197259558.71943235,-35745036.022418946,-18006989.966294102,0.2444259853421239,36.29053184484904,17.622208531148505,148802515.64614287,-20606200.289249457,-8935713.811093893,4.141829657906751,27.27279472844121,11.667807226969272,8.612391442762132,COM,1.273393,1.440033,2.488,5.429,2.53,63507.168446,60796.001439,21.76,0.15,33.6,29.2,z,1.175872411203651,1.3672413761601594,22.736092211239907,343.05167615810217,-11.42260508648204,117.44819469406026,22.26,20.695530962025508,20.81146150397115,22.705051507861015,7.969943813342993e-06,0.040616200670613986,23.72768656998695,0.0448202259172074,20.633744363989333,20.8216196189844,342.6502818736667,-10.130980082705205,True,63455.0,201279141.47788745
A_M_2.3999999999999995_1.0_208,1387787,63490.197236741245,2463490.6976089817,50920878.57813321,-6.82404036234202,343.47109472434425,0.7376648496248815,-9.63825391596894,0.474160563049271,197268427.0976381,-32415342.15060263,-16390089.457578436,-0.0514872075045622,36.34164560605978,17.64800389534414,149140858.74840546,-18132892.607035264,-7864558.682642468,3.4569046524862266,27.38639246571594,11.697311571551891,8.687822945718192,COM,1.273393,1.440033,2.488,5.429,2.53,63507.168446,60796.001439,22.26,0.15,33.6,29.2,r,0.7781706020412588,0.8834192238944754,23.72658055363848,343.1483565008813,-8.882091543951635,75.73945468541933,22.26,21.16355368244216,21.422214898140705,23.723043975311956,4.51067672820202e-06,0.029350917780087863,29.285542674214817,0.03645520976000568,21.21172608285166,21.45864467980337,343.4710950180924,-9.638252810464826,True,63455.0,200584699.73740324
A_M_2.3999999999999995_1.0_208,1391906,63496.227456008746,2463496.7278289814,47910375.22041588,-4.469291533887117,348.5881695131334,0.8630558087581125,-6.501586112997004,0.5669149598502905,196793591.77064475,-13421422.851835664,-7164906.213131933,-1.7844820664964105,36.54253117087367,17.75125945777604,150132421.75939825,-4002853.827146456,-1739979.9952230435,0.3067466413875337,27.599693062323496,11.794032246408722,8.695258162712294,COM,1.273393,1.440033,2.488,5.429,2.53,63507.168446,60796.001439,21.76,0.15,33.6,29.2,z,1.092858846800262,1.2662516384431413,22.50516227689493,348.3952073827431,-6.0693852992587995,116.1439909770574,22.26,20.49655989265906,20.683935986528585,22.50516227689493,7.993829682613409e-06,0.04378607972954597,20.63815273185735,0.05137339951462869,20.431887444280633,20.724953005290548,348.58816851174424,-6.501588872870245,True,63455.0,197380820.33065403
A_M_2.3999999999999995_1.0_208,1391957,63496.25204784012,2463496.752419981,47900948.530111775,-4.4046942369226745,348.6095697748305,0.8664171976868252,-6.487633214658277,0.5678731620035408,196789792.62552848,-13343780.639801651,-7127189.943184149,-1.7916991383451746,36.54302188463194,17.751521502946808,150132996.137085,-3944229.612443165,-1714921.2872074067,0.234363841618233,27.58325631666572,11.794380014798676,8.69466725257804,COM,1.273393,1.440033,2.488,5.429,2.53,63507.168446,60796.001439,21.580000000000002,0.15,33.6,29.2,y,0.8616994319500674,0.9850358052920528,21.943412639877643,348.3952073827431,-6.0693852992587995,116.1439909770574,22.26,20.31599398389579,20.59924282833686,21.943412639877643,9.492175948515853e-06,0.06653792120940001,12.298512460975726,0.08487619766834054,20.407588013650383,20.57965898463249,348.60957601328676,-6.487641229379423,True,63455.0,197370402.54265043
A_M_2.3999999999999995_1.0_241,1396574,63513.12674045783,2463513.627112981,93528878.22731563,-4.358041428328793,311.4341398734564,0.6515718395500933,-18.554136341610096,0.2260014952815649,203108903.56245628,-31123916.387167472,-14441358.413459629,-0.7205690517776545,36.93419648858783,16.838400089795165,144432369.07032368,35351656.643890895,15319581.636310956,-8.114645841694633,26.709058546082264,11.403772569943891,41.55677778942838,COM,1.308285,1.526835,1.075,4.807,3.722,63530.220844,60796.001439,21.94,0.15,33.6,29.2,r,1.052543043009129,1.2172056484295972,23.912630293531095,311.94729359203495,-18.573070864809424,104.70141827142066,21.94,23.238654626832297,23.337256791696795,23.912630293531095,2.1574483215014674e-05,0.12494465253467235,7.500758885287409,0.13588123234338526,23.135287169502153,23.343140340235294,311.43411988532733,-18.55410923907544,True,63483.0,205986595.94848534
A_M_2.3999999999999995_1.0_241,1398111,63515.08104686829,2463515.581418981,92779146.97979376,-4.106071286665088,312.8494526974998,0.6866941532021735,-18.10445556952383,0.2415968106912105,202943011.53772616,-24881086.89307908,-11595180.689045465,-1.2457984279185494,37.00660627674058,16.87206368587485,142970113.6287036,39771726.7290481,17235971.237900026,-8.983790107663607,26.42456196198297,11.292382442831416,42.026986572190985,COM,1.308285,1.526835,1.075,4.807,3.722,63530.220844,60796.001439,21.610000000000003,0.15,33.6,29.2,i,0.7122344733667524,0.8032049554340054,23.917499654143022,312.2172455048562,-19.431756927289683,23.591682841114306,21.94,22.891605995604102,23.11496596378513,23.8749519971138,1.2765209024884348e-05,0.10836605407357996,7.790108365348493,0.13112682526738453,22.742867652405266,23.05904983713222,312.8494562487283,-18.104451233850284,True,63483.0,204791070.68472058
A_M_2.3999999999999995_1.0_241,1398116,63515.08461530956,2463515.584987981,92777881.99172288,-4.09764693396887,312.85203166528373,0.6869657649217755,-18.10359301386913,0.2417628086657881,202942627.2269529,-24869675.302568167,-11589977.912889628,-1.2467654494258749,37.00672479134759,16.872118917370926,142967341.813365,39779875.50577089,17239453.345959514,-8.993917711724475,26.427492398744512,11.292194421663272,42.02785542108133,COM,1.308285,1.526835,1.075,4.807,3.722,63530.220844,60796.001439,21.44,0.15,33.6,29.2,z,0.6891387666535711,0.7751079886296486,23.386513763945153,313.3164428882462,-16.868927801558314,30.51845520977077,21.94,22.72157867633649,22.958430022017062,23.359293365201108,1.691464296012283e-05,0.14726804485096365,5.553305770368465,0.17977211337463825,22.696071840919462,22.906199169615654,312.85201850484503,-18.1035805985363,True,63483.0,204789009.1861729
A_M_2.3999999999999995_1.0_241,1405166,63525.077584524,2463525.577956981,89995137.55545099,-1.8676293198784983,321.2061125939136,0.8701022187863102,-15.246213374617213,0.3369407195927807,200672126.15290704,7165093.356691178,3016807.2330467887,-4.034717422424598,37.12682613817168,16.93033941478723,132998174.09616049,61564461.78162907,26682599.2462794,-13.795985308811852,24.67854577433524,10.529432035582245,43.45684142863579,COM,1.308285,1.526835,1.075,4.807,3.722,63530.220844,60796.001439,21.44,0.15,33.6,29.2,z,0.7557226112314258,0.8561102326416372,23.132667056710975,320.040698433572,-15.20222481748223,61.4568708549942,21.94,22.652702620407684,22.952009000485333,23.11885383758824,2.3056822382213646e-05,0.18129058695232997,4.190891898221375,0.23233881520125937,22.55523128689747,22.932130881260274,321.2061309680799,-15.246204694593114,True,63483.0,200822662.82324737
A_M_2.3999999999999995_1.0_241,1407976,63529.088385750256,2463529.588757982,89493264.54138403,-0.6528425683830261,325.0282677244189,0.9339165433636036,-13.825593238382826,0.3762138399854565,199076319.0916808,20019518.78089937,8878848.090905739,-5.175397270653707,37.049197144081525,16.896369266974276,127867069.21999893,69828433.30739789,30264805.274966624,-15.664847131369852,23.78254025256131,10.136181335333248,43.55654790319005,COM,1.308285,1.526835,1.075,4.807,3.722,63530.220844,60796.001439,21.94,0.15,33.6,29.2,r,1.2625958815878602,1.4727443814937473,23.736103040871352,325.27612230712737,-14.72266060420862,74.29733671806616,21.94,23.137426601577772,23.275602684516496,23.729507109211585,2.9103866474865117e-05,0.14004412175746517,6.4094123463010035,0.15741388019281347,23.327112872780766,23.537869855088527,325.0282714190266,-13.825556763130727,True,63483.0,200277297.5120567
A_M_2.3999999999999995_1.0_241,1408027,63529.11253015782,2463529.6129029817,89491963.20181552,-0.5954584200893636,325.0515157066941,0.9360968701987964,-13.81649864850226,0.3771060247201502,199065515.3716705,20096807.587566856,8914095.833175581,-5.182258255084629,37.04850580462548,16.896062636623093,127834315.45715344,69878044.63599378,30285948.218533438,-15.73669909725858,23.77898233297381,10.133853513807784,43.5567315211338,COM,1.308285,1.526835,1.075,4.807,3.722,63530.220844,60796.001439,21.610000000000003,0.15,33.6,29.2,i,1.1341512097568736,1.3164856566385323,23.370744433935183,325.27612230712737,-14.72266060420862,74.29733671806616,21.94,22.807384601970114,22.976036234115455,23.364076055126727,2.7907069111931675e-05,0.1488172745781836,5.842086885165199,0.17155143298890224,22.664665599530366,23.044087478012433,325.0515476467631,-13.816504097749554,True,63483.0,200275865.22075874
A_M_2.3999999999999995_1.0_208,1408242,63529.21372837253,2463529.714100982,55151698.653236285,9.760904863036762,20.85693277263429,0.7690833004732297,12.957975511448687,0.4206974461736295,177920769.5717121,89221512.9192988,42741525.08759914,-11.16219171379693,34.68668853800199,16.88088352494795,127695450.67329918,70085573.89051725,30374510.760088008,-16.01793089982763,23.666217634565555,10.124008098622104,5.699426456320366,COM,1.273393,1.440033,2.488,5.429,2.53,63507.168446,60796.001439,21.930000000000003,0.15,33.6,29.2,i,1.2541768254882906,1.4625022207886746,23.03779258151813,22.103061419616143,13.226287558729304,102.84702807759237,22.26,20.903454011676278,21.01268591698554,23.01595177032889,7.757304674288738e-06,0.036983843637817926,26.269007825881648,0.04056416666474671,20.846632511374075,21.00463902731266,20.856932337841442,12.95798397339727,True,63455.0,203575825.13504088
A_M_2.3999999999999995_1.0_208,1408293,63529.23784733374,2463529.738219982,55172106.506918415,9.825280986250212,20.87598591620185,0.7707076357094351,12.968103686260529,0.4191646883159257,177897503.57008606,89293790.46264257,42776700.24110601,-11.168022988159809,34.68376307666888,16.879482060850425,127662012.47984868,70134843.08698368,30395605.507999174,-16.073230854880354,23.618636903898995,10.121618180159858,5.701844598312396,COM,1.273393,1.440033,2.488,5.429,2.53,63507.168446,60796.001439,21.76,0.15,33.6,29.2,z,1.3369139031774504,1.5631555999725675,22.407184292240423,22.103061419616143,13.226287558729304,102.84702807759237,22.26,20.734582444521823,20.83149244223052,22.386876322236173,1.1698347084233996e-05,0.05400679985000856,18.006310694194916,0.058682712106276985,20.769612925361425,20.79217503026088,20.875974015452584,12.968100878884933,True,63455.0,203594569.85679296
A_M_2.3999999999999995_1.0_241,1409529,63531.06963699011,2463531.570008982,89404833.3525042,-0.0391385117003891,326.9998312677402,0.9608136046097916,-13.066674598468715,0.3942289353589149,198142259.56505445,26356254.73291364,11768791.520682877,-5.737384602641128,36.98358103432741,16.867155517115872,125102637.80620708,73789045.51762915,31981862.501782484,-16.506340817664924,23.286467139747845,9.92277169664625,43.506256002138514,COM,1.308285,1.526835,1.075,4.807,3.722,63530.220844,60796.001439,21.94,0.15,33.6,29.2,r,0.703188634054428,0.792200284737747,24.422677209913722,325.75734503808854,-13.7295517893607,41.512295205566325,21.94,23.133408022202357,23.526640376939,24.389347596649543,1.178096512120967e-05,0.10119690671410125,7.181678520731796,0.14154112598850202,23.206967362413682,23.695864742706377,326.99981790501045,-13.066676289945496,True,63483.0,200233642.63516992
A_M_2.3999999999999995_1.0_241,1409580,63531.09405077021,2463531.5944229816,89404817.07464048,0.0230336578734819,327.0239335679115,0.962643962702692,-13.05703876581022,0.3951315428136239,198130150.01307645,26434265.80497421,11804370.152874406,-5.744293871072313,36.98266057330458,16.866744495211552,125067744.03408156,73838168.1575879,32002790.64692084,-16.578398679916052,23.28761795865258,9.920261664264762,43.50568115182625,COM,1.308285,1.526835,1.075,4.807,3.722,63530.220844,60796.001439,21.610000000000003,0.15,33.6,29.2,i,0.9928246167733309,1.1445554948580667,23.54845739089242,325.75734503808854,-13.7295517893607,41.512295205566325,21.94,22.803395928323777,23.027904773964856,23.512536574501105,2.2630612950057994e-05,0.13818855471372624,6.011852763884344,0.16706113093609629,22.853293598407703,23.103446814851914,327.02391700650116,-13.05709756565568,True,63483.0,200234037.8346256
A_M_2.3999999999999995_1.0_208,1409758,63531.17649360177,2463531.676865982,56852108.92546929,10.447384249832693,22.440627336247736,0.7305935310896827,13.758263080586817,0.3915284805512355,175988120.13858265,95083120.53080349,45594331.390491545,-11.628886539160463,34.44369311949464,16.76441669296988,124948794.03313088,74003876.69445063,32073423.16425348,-16.816225293902725,23.22207227013077,9.91175048432428,5.85377922029101,COM,1.273393,1.440033,2.488,5.429,2.53,63507.168446,60796.001439,22.990000000000002,0.15,33.6,29.2,g,0.9276207533390434,1.065232060023167,24.424220780803587,21.121908074099924,13.767097282428745,87.44459318575205,22.26,22.054168700208553,22.227195983216536,24.399218458995207,5.442794803769545e-06,0.03238273294620773,28.489544478476986,0.037456396952053286,22.054141976014563,22.309222411331273,22.440627173928704,13.758261853420967,True,63455.0,205162036.6801165
A_M_2.3999999999999995_1.0_208,1409798,63531.19569821326,2463531.6960709817,56869488.96792112,10.501411690171452,22.455074834140024,0.7308537996558425,13.765769841004328,0.3902251250439758,175968821.1394587,95140269.35528414,45622146.85154254,-11.633373738519431,34.44126800474594,16.763253783902663,124920848.61171883,74042385.32606727,32089868.19015902,-16.866415326869543,23.19226345981923,9.909747289475549,5.856178032675176,COM,1.273393,1.440033,2.488,5.429,2.53,63507.168446,60796.001439,22.26,0.15,33.6,29.2,r,0.9963324745212477,1.148822961704681,23.924311459123256,21.121908074099924,13.767097282428745,87.44459318575205,22.26,21.325125162802074,21.47687179489466,23.89836378542682,4.921504366024287e-06,0.026243504297969473,35.98295999393903,0.029761954341105797,21.33560286305962,21.443731633379972,22.455069774799597,13.765759548877515,True,63455.0,205178159.53349063
A_M_2.3999999999999995_1.0_241,1411841,63534.05637710758,2463534.5567499823,89493242.25989614,1.0002915660027312,330.0611388002868,0.9976901600112964,-11.854567902125783,0.4202752946190566,196552991.7832747,35883774.5238558,16114159.70290751,-6.578353372038352,36.85097686438429,16.80775045455163,120655862.77739808,79595085.09045395,34498597.34467892,-17.780778991966603,22.48884612995321,9.577447702467596,43.31144055732111,COM,1.308285,1.526835,1.075,4.807,3.722,63530.220844,60796.001439,21.94,0.15,33.6,29.2,r,0.8854067116048727,1.0138767781081177,24.16642956395057,330.49865988103954,-12.431182826211934,111.83257391661121,21.94,23.132487653593007,23.422493527015785,24.165692428019508,1.6222228284121785e-05,0.11165026685283129,7.106866293426902,0.14293716357574104,23.28335605220333,23.47671716444073,330.061150253676,-11.85457765502784,True,63483.0,200450467.6870717
A_M_2.3999999999999995_1.0_208,1419821,63559.13112082034,2463559.6314929877,94487572.00295664,20.56860257349569,38.38147167485743,0.3619650635202188,20.09914063383631,0.1145385934124307,141366149.11933532,173545780.3793921,83810367.5363544,-16.498759841181105,30.44674785029094,14.839470706193984,71808683.03976232,118451826.6406004,51340128.28514401,-26.76017896724561,13.502582479351195,5.717334632810184,11.683664865156551,COM,1.273393,1.440033,2.488,5.429,2.53,63507.168446,60796.001439,22.26,0.15,33.6,29.2,r,0.9469806228816889,1.0887842127514464,23.949909947600155,37.698831544824976,20.91646790136886,27.559079391720996,22.26,23.000629179207085,23.040141093215787,23.939786876799893,1.4426885841088355e-05,0.0932647317805995,10.760735781966906,0.09648131317492051,22.9004393582042,23.131227673851825,38.38147178067095,20.09915898059008,True,63455.0,239011932.15172574
A_M_2.3999999999999995_1.0_208,1419872,63559.15524152082,2463559.6556139872,94530504.95450042,20.63412795835984,38.39076904529053,0.3620554762312838,20.10188873153272,0.1133233052139169,141331764.1869145,173609225.03639498,83841289.90705991,-16.501622496035512,30.443232777573844,14.83777316333015,71752859.17448482,118479914.08499911,51352039.09623903,-26.81113578049863,13.450900296700022,5.713084192996782,11.690741490956894,COM,1.273393,1.440033,2.488,5.429,2.53,63507.168446,60796.001439,22.990000000000002,0.15,33.6,29.2,g,0.9517034044637382,1.0945296891286354,24.33977924627993,37.698831544824976,20.91646790136886,27.559079391720996,22.26,23.732203923094517,23.77126158131079,24.329558441811017,1.9535512165778245e-05,0.1248949802651915,7.918633158980544,0.12912019182099346,23.81775805552246,23.776511347714962,38.39077906306562,20.101881813036368,True,63455.0,239048514.9069178
A_M_2.3999999999999995_1.0_708,1533708,63803.38428914447,2463803.884661993,541131626.2594483,-33.631645645737095,342.2964467190984,0.0993026944829878,-8.402919103551639,0.0452518773034266,591162305.0422266,-280639709.9528213,-130165896.31003857,-3.071247855904407,35.13455571518849,16.093482291925415,81191256.40961626,-117852339.2513469,-51088475.79791135,24.635548873562275,14.899565740879916,6.286863657024513,8.094649549471708,COM,3.618715,5.46183,1.21,5.498,5.272,63924.995075,60796.001439,16.44,0.15,33.6,29.2,r,0.8595953120900036,0.9824760487712939,24.173890641015277,341.07307954955996,-7.4567187249739355,-28.5328179747436,16.44,23.060898377171533,23.0650448009158,24.11820095189659,1.1437119465993129e-05,0.0809838451532381,12.865370723506427,0.08127295193240855,23.076579312778055,23.021178600460917,342.2964492511514,-8.402915966414731,True,63813.0,667214117.2572999
A_M_2.3999999999999995_1.0_708,1533731,63803.395884134,2463803.896256993,541097946.9775374,-33.60198442399246,342.2976112977075,0.0994198409888473,-8.402394248487623,0.0452791575026263,591159227.7676785,-280604507.8701062,-130149771.89671424,-3.0715043474518398,35.134670776841176,16.09353512457117,81215920.54493849,-117837413.50659306,-51082176.54628442,24.603774304490504,14.897700091590233,6.288902246621495,8.093091877390327,COM,3.618715,5.46183,1.21,5.498,5.272,63924.995075,60796.001439,16.110000000000003,0.15,33.6,29.2,i,1.001898721005661,1.1555945511017773,23.518340628051963,341.07307954955996,-7.4567187249739355,-28.5328179747436,16.44,22.730630326348013,22.73363728305181,23.46255226273029,1.7506267381614992e-05,0.10694103687990161,9.634785929786966,0.10721670641845535,22.795188611449845,22.80058918697206,342.2976123937873,-8.402383844925422,True,63813.0,667193439.3687255
A_M_2.3999999999999995_1.0_708,1533756,63803.40706965177,2463803.9074419937,541065486.24144,-33.57444418504632,342.2987360871443,0.099548595366567,-8.401887660548782,0.0453040409830034,591156259.0624901,-280570550.4290458,-130134217.59489,-3.071751797057969,35.13478177136519,16.093586090215553,81239682.62919748,-117823018.27409416,-51076098.1022726,24.57363300520343,14.893931455579327,6.290866735393145,8.091590509277207,COM,3.618715,5.46183,1.21,5.498,5.272,63924.995075,60796.001439,16.110000000000003,0.15,33.6,29.2,i,0.8999030852850638,1.0315122692032406,23.61874680615101,341.07307954955996,-7.4567187249739355,-34.26404397554455,16.44,22.730371904237714,22.734151755680337,23.56286296178464,1.4465665972301819e-05,0.0981914282725811,10.529114134312776,0.09851026290487062,22.607455519328195,22.813797514856706,342.2987416228724,-8.401890869267799,True,63813.0,667173493.9173242
A_M_2.3999999999999995_1.0_708,1534803,63804.42011641829,2463804.9204889936,538123771.7376103,-33.145526956675724,342.40287834228235,0.0982312325818044,-8.35656104138223,0.0448410425564532,590886382.640462,-277494514.3986887,-128725230.04362635,-3.0942757941482664,35.14484000167314,16.0982065152859,83389666.42468226,-116535133.0696728,-50518105.678306825,24.26259407928632,15.26967964345998,6.459943422367314,7.956833091889741,COM,3.618715,5.46183,1.21,5.498,5.272,63924.995075,60796.001439,16.110000000000003,0.15,33.6,29.2,i,1.4478438676182444,1.698106894912706,23.050639650593318,341.9153380315084,-9.20788907147079,-42.95345661585579,16.44,22.706961718231675,22.70832445772382,23.04249236552579,3.5759891064417735e-05,0.1496131011267275,6.760091929661768,0.14978566061012627,22.396938866898978,22.48708527424273,342.40291146856066,-8.356487201335735,True,63813.0,665372157.1880499
A_M_2.3999999999999995_1.0_708,1535701,63805.36458019337,2463805.864952993,535411515.2381268,-32.882121986191514,342.4987665313536,0.096146599379064,-8.314778451572803,0.0442315276730674,590632992.8267332,-274625935.3174836,-127411267.58799766,-3.1154727510889466,35.15422417448414,16.102520624749452,85372871.78398831,-115306072.37070464,-49984644.23351295,24.12920460661906,15.663542623332296,6.615279259286088,7.82872837165664,COM,3.618715,5.46183,1.21,5.498,5.272,63924.995075,60796.001439,16.44,0.15,33.6,29.2,r,0.9468467957172549,1.088621405982062,24.08916574596661,343.3583846254969,-8.61564845578621,31.43855776972634,16.44,23.015064346281513,23.01824376541631,24.08346282388173,1.2402492290967403e-05,0.0801317488199866,13.01858053573755,0.08035101724772246,23.049221403380677,23.105051088167272,342.4987744997849,-8.314779973928932,True,63813.0,663702017.2282491
A_M_2.3999999999999995_1.0_708,1536834,63809.43165435767,2463809.932026992,524092416.6511276,-31.076405325326864,342.8955520800656,0.0912932298823668,-8.139631486625087,0.0425240718402282,589521799.4054972,-262264480.7193216,-121749042.17479289,-3.2088841116762006,35.19463277482499,16.121129173272482,93656100.04143812,-109674134.14507358,-47544894.59689386,22.74309398665742,17.099646355430675,7.265932117230797,7.247306116565221,COM,3.618715,5.46183,1.21,5.498,5.272,63924.995075,60796.001439,15.940000000000001,0.15,33.6,29.2,z,1.6136853149121992,1.8998604804284662,22.173514788323622,343.5424843110484,-9.667385985513544,-6.546873261345289,16.44,22.419892153656715,22.420839559632945,22.09528269302302,7.243920376916285e-05,0.2587782235230169,3.71225698623332,0.25897733435507075,22.401350080787555,22.136540175603248,342.89556433964964,-8.139738132019403,True,63813.0,656613614.7627082
A_M_2.3999999999999995_1.0_708,1538405,63811.22699333888,2463811.727365991,519280133.8148276,-30.7840515464595,343.06393703478386,0.0876771950828773,-8.06476246005525,0.041131157933027,589020720.7482795,-256803239.04973316,-119247480.7133358,-3.251197800163152,35.21242747322059,16.12933800622541,97174432.94475114,-107030693.28744796,-46396460.9228193,22.649479241279625,17.71482112410226,7.540117071201313,6.976684410962903,COM,3.618715,5.46183,1.21,5.498,5.272,63924.995075,60796.001439,15.760000000000002,0.15,33.6,29.2,y,0.8191596168411427,0.93328420540285,22.220657210902317,341.4010104183837,-8.118291976664468,137.26072141344463,16.44,22.19742425243891,22.201045055090194,22.1440914520566,2.8919344450632793e-05,0.20771926301363042,4.727269870216261,0.2083431291206358,22.566195318718577,22.20919061541105,343.0639485919869,-8.064781277796438,True,63813.0,653539038.4007174
A_M_2.3999999999999995_1.0_708,1539981,63813.366842893,2463813.867214991,513698976.5464256,-29.532899022145276,343.2574823526497,0.0850731994216373,-7.977311407216074,0.040688099126822,588414842.3230352,-250290450.46061957,-116264237.96789014,-3.3024781858845675,35.233565717970656,16.139099005625184,101252371.08562744,-103740567.82472092,-44972604.36259729,21.601702967824743,18.52632386504857,7.8605226204610705,6.641390503099519,COM,3.618715,5.46183,1.21,5.498,5.272,63924.995075,60796.001439,16.110000000000003,0.15,33.6,29.2,i,1.3773824058939608,1.6123873551021422,23.183402273406962,344.03084805197983,-9.090797474547514,-8.904971908736524,16.44,22.496332027965924,22.497485058828214,23.152317868009778,2.553872454969387e-05,0.1138833577625783,9.033112473548709,0.11399565760325082,22.458072063594198,22.428742703783435,343.25750495068075,-7.977314955987829,True,63813.0,649919002.0980126
A_M_2.3999999999999995_1.0_708,1540032,63813.39097668899,2463813.8913489906,513637455.28204376,-29.47312359900412,343.2595591499254,0.0853793103059847,-7.97632876136394,0.040743217373552,588407954.7827816,-250216974.7428474,-116230581.65476316,-3.3030617590705145,35.23380357556395,16.139208897817266,101297345.08218388,-103701947.13597904,-44956209.88563416,21.535633713125485,18.51527390359737,7.864253147203669,6.637475410311817,COM,3.618715,5.46183,1.21,5.498,5.272,63924.995075,60796.001439,15.940000000000001,0.15,33.6,29.2,z,1.5619915675235974,1.8369727098827218,22.38204203215645,344.03084805197983,-9.090797474547514,-8.904971908736524,16.44,22.32575197688566,22.326646203207094,22.35099928736204,5.101749192713806e-05,0.1940376304095855,5.106224480085262,0.19418215661207094,22.509243404616527,22.139733304441563,343.2595608633271,-7.976374706360702,True,63813.0,649878453.1071354
A_M_2.3999999999999995_1.0_708,1540698,63814.22788702652,2463814.72825999,511499771.4275421,-29.497077488205413,343.33437929205166,0.0836123431543684,-7.942669840045092,0.0399028963685914,588168356.2710472,-247668700.55347797,-115063317.05427983,-3.323370334201381,35.24204330612991,16.143016471007837,102855050.41317108,-102385088.21619144,-44383169.10624259,21.64127337601959,18.753857973162223,7.984976128620691,6.503678173989081,COM,3.618715,5.46183,1.21,5.498,5.272,63924.995075,60796.001439,16.44,0.15,33.6,29.2,r,1.3600320957049343,1.5912799217821587,23.401805422524248,342.50719267352605,-8.723012228956255,99.06141020058489,16.44,22.805660410936028,22.806803017695874,23.387687429473697,2.693812518336591e-05,0.12130682489659726,8.450927739009234,0.12142513595503254,22.74326271930804,22.762224922899623,343.33437857524257,-7.942623394409023,True,63813.0,648476188.8334587
A_M_2.3999999999999995_1.0_708,1540749,63814.25228550102,2463814.7526579904,511437661.8642773,-29.42734948347924,343.3364366475925,0.0834343335280451,-7.941695458608035,0.0399714718115084,588161349.333436,-247594403.22386,-115029284.3211485,-3.323964464021823,35.24228325388906,16.14312737225926,102900606.15725072,-102345511.96458057,-44366332.97289786,21.57994536779332,18.793634566432125,7.9886839736538,6.499646918389818,COM,3.618715,5.46183,1.21,5.498,5.272,63924.995075,60796.001439,16.110000000000003,0.15,33.6,29.2,i,1.2377210691054699,1.4424830524397443,23.26281545331623,342.50719267352605,-8.723012228956255,99.06141020058489,16.44,22.475067822583828,22.47645404364878,23.248577671019625,2.0717573540493793e-05,0.10301186566834172,10.03531639206907,0.10313429964736354,22.44143814884805,22.455648406668708,343.33643782926873,-7.941683126653941,True,63813.0,648435422.8517618
A_M_2.3999999999999995_1.0_708,1546744,63824.1326823575,2463824.633054988,488203932.9134275,-25.312007292824752,344.1489914597516,0.0731647856998137,-7.563611244094089,0.0363092559141236,585218090.3163877,-217465497.40001103,-101228202.28042722,-3.574153244613178,35.33775281113223,16.187340509341066,119664189.51002872,-85279254.60107937,-36967461.77097477,18.140197136801564,21.67450031580993,9.307136959369492,4.777844980316637,COM,3.618715,5.46183,1.21,5.498,5.272,63924.995075,60796.001439,16.44,0.15,33.6,29.2,r,1.8011065430865831,2.1278668407379357,22.945918355966146,344.30687505019216,-8.267775566212434,-167.97162296102422,16.44,22.559908435121542,22.560405437402583,22.945132662039544,4.244561696757212e-05,0.1433048381750482,7.084219413438105,0.14336522103591318,22.606520075325687,22.734587271331076,344.1489854132883,-7.563639951185606,True,63813.0,632470240.1931027
A_M_2.3999999999999995_1.0_708,1547235,63824.3755291153,2463824.875901988,487679751.2581703,-24.650242248463854,344.1667006872778,0.0729152028925591,-7.554713606560107,0.0369674761660542,585143024.248203,-216723955.52060467,-100888520.35381016,-3.5805409912466764,35.34004548056831,16.188404314363623,120038610.56407452,-84820669.30505079,-36771851.34869577,17.50901096572121,21.895429467991267,9.338527625077488,4.73167042622048,COM,3.618715,5.46183,1.21,5.498,5.272,63924.995075,60796.001439,16.110000000000003,0.15,33.6,29.2,i,1.392085297655925,1.6302740847395683,22.730896386750082,344.30687505019216,-8.267775566212434,89.16564517059895,16.44,22.22360253873889,22.22445041550906,22.730054367765057,2.948212200133306e-05,0.12933285927885685,7.898772958583355,0.12942623929814923,22.205928411666335,22.051353921077304,344.16673060930384,-7.554692706023072,True,63813.0,632091864.5750879
A_M_2.3999999999999995_1.0_708,1548064,63825.29663891658,2463825.7970109875,485711177.9152264,-24.398525182063825,344.2370477386524,0.0710476384294219,-7.521133059942173,0.036505873874374,584857080.4023151,-213910882.57229376,-99599918.85671696,-3.6048725101406736,35.348712898205086,16.192426861960566,121433226.43356784,-83098737.06928636,-36024274.829700775,17.330067378149824,22.19879871540081,9.449004926295071,4.558719635330749,COM,3.618715,5.46183,1.21,5.498,5.272,63924.995075,60796.001439,16.110000000000003,0.15,33.6,29.2,i,1.2497889908485362,1.4571642224434747,23.12800814456569,343.7569111224034,-7.279217502071205,53.79103344978575,16.44,22.199746830063294,22.200759874949593,23.12800814456569,1.824948138802329e-05,0.09016569772060141,11.538021020460818,0.09024416943837439,21.88648120755197,21.96641672967195,344.237057505734,-7.521154434400642,True,63813.0,630662995.5973653
A_M_2.3999999999999995_1.0_708,1548843,63827.19952354024,2463827.699895987,481752542.52479553,-23.75892853852804,344.379672435322,0.0693220864868953,-7.452401106076591,0.0357443930045163,584260193.0735602,-208097297.523638,-96936841.0828461,-3.655653434496504,35.36646839445085,16.20067135401356,124219261.24924712,-79475605.8589684,-34452333.333794825,16.78235322114192,22.65006567972945,9.671062811823743,4.195169010491966,COM,3.618715,5.46183,1.21,5.498,5.272,63924.995075,60796.001439,17.17,0.15,33.6,29.2,g,0.8102757343204132,0.9224765624335927,24.67442205017995,345.2585614059134,-7.770435585728675,-162.68514733979814,16.44,23.20976193941476,23.212168585222518,24.667854616218545,7.826187270925859e-06,0.05728575525888327,18.418335644150428,0.05740405135403569,23.182822250111077,23.187201845009618,344.3796913368503,-7.452416741983439,True,63813.0,627742948.6709639
A_M_2.3999999999999995_1.0_708,1549693,63828.14226962416,2463828.642641987,479845211.4586281,-23.447369312278006,344.4491621177893,0.0691622912503803,-7.418646818004279,0.03538020348758,583961370.9362309,-205216003.20760947,-95616975.52240254,-3.68106838140646,35.375185794446814,16.2047212093884,125551526.25050098,-77649570.30007179,-33660164.35343446,16.49581350194709,22.804301287281103,9.777603789635652,4.012108044170154,COM,3.618715,5.46183,1.21,5.498,5.272,63924.995075,60796.001439,16.44,0.15,33.6,29.2,r,1.3433393963683147,1.5709725016646165,23.622196148561653,343.9986731866592,-7.744770369308372,98.90740547330037,16.44,22.454615336691546,22.455439914677964,23.622196148561653,1.5901393475882247e-05,0.07338964194477274,14.28928929349106,0.07344167335085419,22.457322765694627,22.481933741294338,344.4491452451864,-7.418646049343557,True,63813.0,626312299.6766706
A_M_2.3999999999999995_1.0_708,1549744,63828.16636598866,2463828.666737987,479796457.9495873,-23.38518149917777,344.45083820937833,0.0688045697214647,-7.417793560154442,0.0354423954822217,583953706.0629922,-205142349.823993,-95583236.26206107,-3.6817201954010166,35.37540789033743,16.204824406702876,125585817.07132784,-77602039.39846277,-33639805.46544801,16.444979314393063,22.85586715100428,9.780440614225297,4.007317512879892,COM,3.618715,5.46183,1.21,5.498,5.272,63924.995075,60796.001439,16.110000000000003,0.15,33.6,29.2,i,1.4625410665382987,1.7159866989517016,23.109163686634716,343.9986731866592,-7.744770369308372,98.90740547330037,16.44,22.123961332945562,22.12464738444491,23.109163686634716,2.0243160647247925e-05,0.08582997658311817,12.148985658069773,0.0858805807566709,22.113961875993486,22.12783363068368,344.4508433590307,-7.4178250483971935,True,63813.0,626275873.3739804
A_M_2.3999999999999995_1.0_708,1550746,63829.1947497846,2463829.6951219863,477755921.9308985,-22.837755087722385,344.52544245440413,0.0676678436344502,-7.3812069376434675,0.0353351625137486,583625312.3383534,-201998499.89806977,-94143093.58524252,-3.7096418348193976,35.38485249077532,16.209213688659034,127003984.3722904,-75584530.65829685,-32765637.07556189,15.953990318572266,23.16743404749663,9.894410615810871,3.805077066750133,COM,3.618715,5.46183,1.21,5.498,5.272,63924.995075,60796.001439,17.17,0.15,33.6,29.2,g,1.205736042272516,1.4035718275821365,24.210346090313955,344.6823204461706,-6.532075170681108,143.59598531746454,16.44,23.15617130763595,23.157168583838708,24.205751345622833,1.5858363140311268e-05,0.08123922263220398,12.859470220257856,0.08130888146974448,23.25452840272678,23.134542453627393,344.5254430937609,-7.381173300939335,True,63813.0,624727797.7110597
A_M_2.3999999999999995_1.0_708,1552168,63833.20841277506,2463833.7087849854,470200954.84205806,-20.899378913910304,344.8096911417908,0.0648424951734292,-7.240043655533792,0.034848242386074,582319645.9605541,-189720525.90057087,-88518713.51355296,-3.820537491728752,35.42103316465936,16.226043637004157,132165113.02004722,-67498003.12153211,-29260892.653985374,14.17217283190514,24.1562541558236,10.30955709120374,2.995639103028969,COM,3.618715,5.46183,1.21,5.498,5.272,63924.995075,60796.001439,16.44,0.15,33.6,29.2,r,1.4802600125066525,1.7375425942903315,23.58181727061622,343.9102990817,-6.771812693586105,135.37348628658938,16.44,22.313940487723713,22.314545858802102,23.572419672786904,1.6151953318693787e-05,0.06785799348255553,15.497013609272068,0.06789329561123772,22.32935555133836,22.34007563094709,344.8097070671083,-7.240040191124724,True,63813.0,618809834.0053338
A_M_2.3999999999999995_1.0_708,1552219,63833.232765781104,2463833.7331379857,470157054.4903699,-20.826842692188595,344.8112820211431,0.0647840977244767,-7.23919405673049,0.0349255295490065,582311605.8930435,-189645991.1193313,-88484569.8264226,-3.821219648639506,35.42124918078253,16.22614419518762,132194860.64856112,-67447147.38276245,-29239197.62723647,14.103189908722866,24.18193171576277,10.31212066077547,2.990537185554846,COM,3.618715,5.46183,1.21,5.498,5.272,63924.995075,60796.001439,16.110000000000003,0.15,33.6,29.2,i,0.9079065770125269,1.0412488771441932,23.699945261442178,343.9102990817,-6.771812693586105,135.37348628658938,16.44,21.98323095441703,21.98491414313825,23.690519775391035,7.1480807711273514e-06,0.046258304950957084,22.941074095930446,0.04632470787210282,22.040508213516368,21.95114962073521,344.8112769214222,-7.239189227004295,True,63813.0,618774536.808631
A_M_2.3999999999999995_1.0_708,1553647,63840.36222912373,2463840.8626019843,458372008.55298233,-17.109276972394486,345.29665986584394,0.0642116901071864,-6.99107289641077,0.0353100798868646,579895144.5031353,-167806552.56304055,-78479976.93585362,-4.025694516476808,35.48243598663652,16.25466671295986,139829800.84526986,-52330150.59620603,-22689367.28714941,10.506851809592607,25.524058046063534,10.927856244528297,1.4838823224753634,COM,3.618715,5.46183,1.21,5.498,5.272,63924.995075,60796.001439,17.17,0.15,33.6,29.2,g,1.4027882249575285,1.6432946775639032,23.832647095962635,344.5210149642521,-7.727796862996762,46.55095325215558,16.44,22.822926504606194,22.823597140261285,23.821300083858684,1.9208964533643588e-05,0.08486240646536125,12.293223961262028,0.08491131980451101,22.834869981332016,22.856023930259934,345.2966599805384,-6.991069946484721,True,63813.0,608766395.6570343
A_M_2.3999999999999995_1.0_708,1553704,63840.38901137468,2463840.8893839843,458332473.81920993,-17.06120917715416,345.29840069882266,0.0648329387440957,-6.990126561172159,0.0353573307113821,579885827.7472488,-167724442.52102718,-78442361.94661914,-4.026480414959872,35.48265756316976,16.25477015474514,139854040.65325207,-52271136.13362881,-22664078.104985505,10.4453544132529,25.481788755401656,10.930018737790512,1.4780402138669515,COM,3.618715,5.46183,1.21,5.498,5.272,63924.995075,60796.001439,16.44,0.15,33.6,29.2,r,1.9572035948441275,2.3177659304673086,22.95508008073659,344.5210149642521,-7.727796862996762,46.55095325215558,16.44,22.092030336033552,22.09237281316828,22.943669678245044,3.0355924259709776e-05,0.09622119168791042,10.78782485031014,0.09624946889948303,22.0788903836201,22.170423457085473,345.29841015324905,-6.990161167740806,True,63813.0,608730043.6062489
A_M_2.3999999999999995_1.0_708,1554372,63841.25048549939,2463841.750857984,457048502.575468,-16.906658369716535,345.356793754975,0.062521331337563,-6.960071242487062,0.0351124391259586,579585171.4907349,-165083003.9979728,-77232304.36865725,-4.051830096756136,35.48974932497473,16.25808154221274,140640812.0914024,-50393030.2197888,-21848254.56416392,10.346385984882462,25.763482008399453,10.99227280273274,1.2919611004100846,COM,3.618715,5.46183,1.21,5.498,5.272,63924.995075,60796.001439,16.44,0.15,33.6,29.2,r,1.0140530191149435,1.170380801842997,23.999058337470252,344.59268286946656,-6.38679730610179,66.42741866416898,16.44,22.062965242884793,22.06423039978067,23.99165750415802,6.675876808000459e-06,0.038313859430294,27.810594910968597,0.03835486737752554,22.073817652055016,22.0947912911241,345.3567964354213,-6.9600765942854865,True,63813.0,607565797.3084333
A_M_2.3999999999999995_1.0_708,1554415,63841.2712739071,2463841.771645984,457018189.2456289,-16.846959048039505,345.3581048014576,0.0626960397609012,-6.959340632563242,0.03517860599388,579577893.1059788,-165019257.71515325,-77203101.78669193,-4.052443486121672,35.489919596405755,16.258161063172516,140659339.02335364,-50346755.47083584,-21828510.028394725,10.284051903468615,25.76388347529998,10.99394180236696,1.2873710966408145,COM,3.618715,5.46183,1.21,5.498,5.272,63924.995075,60796.001439,16.110000000000003,0.15,33.6,29.2,i,1.10167546762639,1.2769774545333212,23.4415287426294,344.59268286946656,-6.38679730610179,66.42741866416898,16.44,21.732247871782825,21.733316320634472,23.434097993280034,8.491621905441662e-06,0.04644242443497752,22.860399701897368,0.04648473756629777,21.718694372399725,21.68007833198475,345.358118829849,-6.959352159125537,True,63813.0,607537824.7644438
A_M_2.3999999999999995_1.0_708,1555488,63842.334177526565,2463842.8345499835,455482076.27904034,-16.20039456884797,345.4293346426654,0.0636861142134885,-6.922066832027234,0.0354873759272998,579204273.1156518,-161759464.41286358,-75709765.86860241,-4.083911927165131,35.49857090498616,16.262202410637094,141584597.5141953,-48007302.6494749,-20815439.82212146,9.626681203176474,25.8821026874024,11.069134037150564,1.0563101099239678,COM,3.618715,5.46183,1.21,5.498,5.272,63924.995075,60796.001439,16.110000000000003,0.15,33.6,29.2,i,1.65010922993506,1.9441718125730656,22.85542079493918,345.34999270293264,-5.601527482265448,65.82655067893837,16.44,21.695413637537328,21.69588798228568,22.82726754223208,2.0038440762268863e-05,0.07564775684925013,13.852480941692356,0.07567860611498231,21.742985058496767,21.65876519100853,345.4292866626708,-6.922099269733363,True,63813.0,606115239.0184937
A_M_2.3999999999999995_1.0_708,1555539,63842.3582615614,2463842.858633984,455448417.9222402,-16.14964719923717,345.4308857251215,0.0641920540155202,-6.921211494388672,0.0355406493015665,579195773.8732059,-161685592.75364244,-75675924.62060201,-4.084627352186072,35.49876567521196,16.26229341732833,141604564.58365995,-47953476.906459086,-20792404.64140215,9.56539813484824,25.85082515555205,11.07094602507428,1.0510103692233597,COM,3.618715,5.46183,1.21,5.498,5.272,63924.995075,60796.001439,15.940000000000001,0.15,33.6,29.2,z,1.289078422187089,1.504961584169208,22.43382367380945,345.34999270293264,-5.601527482265448,65.82655067893837,16.44,21.524563622986932,21.52536515997342,22.405743466826905,1.9597824726768695e-05,0.09386195184829137,11.066626197468125,0.09392654611100877,21.36769546731992,21.378657899593517,345.4308778528032,-6.92121545973469,True,63813.0,606083179.8885872
A_M_2.3999999999999995_1.0_708,1555540,63842.35870420221,2463842.859076984,455447799.777611,-16.148780791808797,345.4309143731497,0.0642019522213837,-6.921195749686889,0.0355415427596502,579195617.5246402,-161684233.95840862,-75675302.14468177,-4.084640512668159,35.49876925727899,16.26229509106405,141604930.68049687,-47952487.47355811,-20791980.898209345,9.564322584158004,25.85018019868641,11.070979163919825,1.0509130001981764,COM,3.618715,5.46183,1.21,5.498,5.272,63924.995075,60796.001439,15.940000000000001,0.15,33.6,29.2,z,1.1944348566292773,1.3898234265562983,22.51469532420215,344.50851720302484,-8.317533011553348,63.41181651259878,16.44,21.52454799876915,21.525487940604027,22.43395480171783,1.7748439424640023e-05,0.09162908872849565,11.346731642030932,0.09170306293172911,21.533816703060396,21.721550175431574,345.4309300692737,-6.921175430826295,True,63813.0,606082590.2673296
A_M_2.3999999999999995_1.0_708,1556297,63843.270900038246,2463843.771272984,454164901.9200956,-15.876034834665568,345.49257890849896,0.0628138780574301,-6.889120912111952,0.0354704800410614,578872604.3156073,-158886001.90850136,-74393405.02490969,-4.111815591184659,35.506104574131435,16.265723264022377,142363117.03987938,-45936651.52801441,-19917080.782196976,9.326078821636411,26.07820802998799,11.131481607070109,0.8528951707125851,COM,3.618715,5.46183,1.21,5.498,5.272,63924.995075,60796.001439,16.110000000000003,0.15,33.6,29.2,i,0.9128713069751456,1.0472886946169655,23.661172314407057,346.79438533966726,-7.071377878042874,116.68876023339159,16.44,21.66213158143169,21.66373011110942,23.634486727927428,5.953215135147591e-06,0.03693947889379755,28.855510034678108,0.03698934937915854,21.688541630816015,21.635203742015776,345.4925740179149,-6.889122932447602,True,63813.0,604874063.207212
A_M_2.3999999999999995_1.0_708,1556348,63843.295095343,2463843.795467984,454131781.416723,-15.81059733534586,345.49411337498395,0.0631271029798293,-6.888261813027095,0.0355431821419977,578864007.5688249,-158811774.11930352,-74359400.48511729,-4.112538441293187,35.506298020519914,16.265813691138653,142382538.00144258,-45882145.69497886,-19893809.13637153,9.254947652930166,26.06778930045253,11.133261766602656,0.8475494718721553,COM,3.618715,5.46183,1.21,5.498,5.272,63924.995075,60796.001439,15.940000000000001,0.15,33.6,29.2,z,1.0259552996916212,1.184860461911948,22.8872870334907,346.79438533966726,-7.071377878042874,116.68876023339159,16.44,21.491252519294303,21.49251252962862,22.860710998667695,1.0382760003335882e-05,0.06173446050522353,17.072933185336897,0.06180125576597521,21.525135236521464,21.554439000123903,345.49412667021585,-6.88823280869988,True,63813.0,604842160.6486003
A_M_2.3999999999999995_1.0_708,1562367,63856.1603093586,2463856.660681982,439748520.0647081,-9.88489115498981,346.3928013867285,0.0691245410332446,-6.411589520726773,0.0395248975640127,574073378.1897448,-119289003.37441868,-56253039.76348648,-4.511616663000899,35.60008175103194,16.309801501018704,149341232.23199987,-16478995.091099638,-7146346.879383333,3.2103380815990583,27.41427272897131,11.717336805554591,2.0787927320911868,COM,3.618715,5.46183,1.21,5.498,5.272,63924.995075,60796.001439,16.110000000000003,0.15,33.6,29.2,i,0.857060604131546,0.9793924624471363,23.764940682384086,347.2916552298677,-6.427415251171611,136.81972729561173,16.44,21.656893103781243,21.65911883066895,23.759532704000716,5.224949310082994e-06,0.03312631588952214,32.21705051810377,0.03318822223518617,21.67560772119744,21.632894276619183,346.39279736017363,-6.411582266519635,True,63813.0,589028449.5292908
A_M_2.3999999999999995_1.0_708,1562932,63857.220616810046,2463857.720988982,438869435.3434374,-9.219582535178048,346.4716431415879,0.07038393339659,-6.3693467159785175,0.0402724056891815,573658489.9780834,-116027242.44943488,-54758694.345678,-4.5457783200211885,35.60692065091631,16.31302419096851,149599607.68138376,-13997713.600097353,-6071726.205079909,2.5182082210774346,27.490475071319132,11.74240428548606,2.321299343830406,COM,3.618715,5.46183,1.21,5.498,5.272,63924.995075,60796.001439,15.940000000000001,0.15,33.6,29.2,z,0.7047537956000116,0.7941043742092598,23.371895033992132,346.7339032565842,-7.553362542015167,82.85328002638602,16.44,21.499046286949348,21.502553099904443,23.352433341335185,5.299154356322516e-06,0.04093247514166356,25.949428596418173,0.04105440546194741,21.462520087726787,21.562693887441103,346.47164689249155,-6.369348505449064,True,63813.0,587830671.810172
A_M_2.3999999999999995_1.0_708,1562983,63857.24493195936,2463857.745303982,438850138.0506872,-9.151362625119384,346.4733685031054,0.0706740604998931,-6.368366486235549,0.0403544264274515,573648939.0163075,-115952436.40645258,-54724422.55681544,-4.546563905110373,35.60707574484323,16.313097307371294,149604820.92760685,-13939968.313366106,-6047056.8203630615,2.445103790713429,27.48212019292103,11.74312074892569,2.326946468704788,COM,3.618715,5.46183,1.21,5.498,5.272,63924.995075,60796.001439,15.760000000000002,0.15,33.6,29.2,y,0.7248229196056208,0.8185193669168137,22.320850171360284,346.7339032565842,-7.553362542015167,82.85328002638602,16.44,21.319326162439452,21.322651342567315,22.30133878178729,1.0373979438633008e-05,0.08630929767672416,12.050356031880249,0.08655620378723583,21.403432914427274,21.290641515565675,346.47335957862236,-6.36835141102325,True,63813.0,587803398.3972061
A_M_2.3999999999999995_1.0_708,1567656,63869.18699242816,2463869.687364981,432157056.79130846,-3.5587886642758315,347.46728280183487,0.0881262133709466,-5.842052733052812,0.0488354539421615,568754717.1825987,-79176603.27348927,-37875330.23136657,-4.943739791946034,35.67312567556594,16.34441535357809,149086013.75718686,14113158.596345166,6112411.584161606,-3.580703026683678,27.4894949280342,11.741251133915314,5.035450256912339,COM,3.618715,5.46183,1.21,5.498,5.272,63924.995075,60796.001439,16.44,0.15,33.6,29.2,r,1.1394770861017083,1.322964824941251,23.865765622653775,347.84976400986085,-5.486794149400853,119.0463362314424,16.44,22.10472025099415,22.106673701240265,23.865765622653775,8.366221710129806e-06,0.04420435907161097,24.024354953842987,0.044277889428037995,22.027863041634717,22.066418881634426,347.46727949392204,-5.842056790616217,True,63813.0,575487101.0400845
A_M_2.3999999999999995_1.0_708,1567707,63869.21123208963,2463869.7116049808,432149675.1188237,-3.4906160083490136,347.469433581995,0.0884261160851224,-5.840867913925711,0.0489212502312565,568744362.3415345,-79101890.76742807,-37841099.07579374,-4.944567929782785,35.67323788480718,16.344468995541092,149078437.8507511,14170721.546802,6137001.3684078455,-3.653724796949712,27.479079357520177,11.740924875678337,5.04094293746069,COM,3.618715,5.46183,1.21,5.498,5.272,63924.995075,60796.001439,16.110000000000003,0.15,33.6,29.2,i,0.9210722199009631,1.057265474332072,23.632854230245847,347.84976400986085,-5.486794149400853,119.0463362314424,16.44,21.774904193507503,21.777977938404167,23.632854230245847,6.4964770653766905e-06,0.04076048372431335,26.070776250508263,0.040866867285724015,21.799948831963277,21.78965587367302,347.4694353355264,-5.840851618028154,True,63813.0,575464340.8566033
A_M_2.3999999999999995_1.0_708,1567907,63870.00076707451,2463870.5011399807,431913639.3782018,-3.6025994994759567,347.544395816747,0.0911335807436613,-5.802103869288901,0.049088293973177,568406139.5832396,-76668259.89784725,-36726075.73548423,-4.971587534122229,35.67684128523864,16.346192817053172,148818884.28730792,16010956.01738039,6937295.773007345,-3.609441778916451,27.23341031591111,11.72121097409006,5.215660728306862,COM,3.618715,5.46183,1.21,5.498,5.272,63924.995075,60796.001439,15.940000000000001,0.15,33.6,29.2,z,1.4581335273710512,1.7106247291618628,22.30433530632691,348.4647497194058,-6.3289609298668115,-155.38114113738226,16.44,21.610594468095243,21.611828650754415,22.29335903732675,2.638489012844845e-05,0.11131657146817975,9.251850688451157,0.11143414268400854,21.608035424587,21.60600796836172,347.54438032667304,-5.802120334523349,True,63813.0,574728080.2524039
A_M_2.3999999999999995_1.0_708,1568875,63871.063585986565,2463871.563957981,431631875.87047625,-2.9844789607762285,347.64583966192737,0.0921130605098222,-5.749070835549301,0.0502121271593867,567947931.4162925,-73391895.29687452,-35224926.89676016,-5.008098558680499,35.6815330246401,16.34844105305205,148431797.93274534,18492910.65675429,8012469.525142905,-4.254090716870628,27.29481029583899,11.693549129478084,5.451059918834164,COM,3.618715,5.46183,1.21,5.498,5.272,63924.995075,60796.001439,15.760000000000002,0.15,33.6,29.2,y,0.8517156427763987,0.9728900763703147,22.118243480650936,348.73047884406367,-5.533451191654596,55.755321674163284,16.44,21.4381865692371,21.442095484858058,22.105696523981045,1.5831197209003486e-05,0.11310627549605862,9.07593982620409,0.11348489345000641,21.50516617028811,21.4001566882592,347.64582528796916,-5.749058562928931,True,63813.0,573752576.0902475
A_M_2.3999999999999995_1.0_708,1568926,63871.08654665751,2463871.586918981,431626018.0819826,-2.9202579769947943,347.6479628652975,0.0919118006606909,-5.747916985055508,0.05029368641551,567937995.316115,-73321108.39146705,-35192493.99581324,-5.00888908262675,35.68163235557068,16.34848870106693,148423300.0811073,18547090.99908023,8035667.056042857,-4.313812455906527,27.32597883468435,11.693060050693123,5.456217398295462,COM,3.618715,5.46183,1.21,5.498,5.272,63924.995075,60796.001439,15.760000000000002,0.15,33.6,29.2,y,0.831920944597621,0.9488089350336022,22.182387103218645,348.73047884406367,-5.533451191654596,55.755321674163284,16.44,21.438352437722173,21.44245076704642,22.169928794712124,1.4639634381073824e-05,0.10709439404957603,9.610861713318526,0.10747081547265641,21.415207465061012,21.273486705727265,347.6479525806539,-5.7479331584110405,True,63813.0,573731699.5713991
A_M_2.3999999999999995_1.0_708,1568998,63871.232894501736,2463871.733266981,431591794.0008156,-2.501183600258634,347.66150300398823,0.0928317668602021,-5.740517185818288,0.0508224397347989,567874628.1470655,-72869925.09561217,-34985772.28488426,-5.013929413588464,35.68226343980945,16.348791476103674,148366049.74650508,18893047.6959387,8183500.602672609,-4.745118331425409,27.33894673882966,11.690056099090349,5.48907777862057,COM,3.618715,5.46183,1.21,5.498,5.272,63924.995075,60796.001439,16.44,0.15,33.6,29.2,r,0.9924192143703016,1.1440623045867415,23.97179713757857,348.73047884406367,-5.533451191654596,-28.779810127902625,16.44,22.11942154540902,22.12230114450647,23.95982849793389,6.997933923369311e-06,0.04136374442886087,25.687621997575484,0.04146493965608542,22.070413714787573,22.219328506381753,347.6614945224683,-5.740512346061728,True,63813.0,573598835.0223333
A_M_2.3999999999999995_1.0_708,1569499,63872.05498120023,2463872.555353981,431410788.35091627,-2.5447733315829786,347.74279283647263,0.0942467688539019,-5.698636709035463,0.0511328182100256,567517487.2190648,-70335328.21085528,-33824475.63050123,-5.042297688364206,35.685743044062704,16.350462516700585,148024422.15691578,20800801.07203725,9012921.695370076,-4.743838846473483,27.216234955666938,11.663831600746882,5.669193558715045,COM,3.618715,5.46183,1.21,5.498,5.272,63924.995075,60796.001439,15.760000000000002,0.15,33.6,29.2,y,1.007533057642289,1.1624489752339282,21.920890751361664,346.8424995091311,-6.867981130688914,115.8828004601891,16.44,21.445154340824494,21.448017413312865,21.876130921960797,2.2965304494135314e-05,0.13821401659821486,7.347032019996919,0.13855036724619016,21.519755820948667,21.507610543195156,347.74279610147744,-5.6985917184606585,True,63813.0,572858841.1167698
A_M_2.3999999999999995_1.0_708,1569550,63872.07803452018,2463872.5784069807,431405782.21125865,-2.481219933558413,347.74497352400664,0.0940222938231291,-5.697457018119032,0.0512137816747139,567507443.1977262,-70264249.39958005,-33791908.800803535,-5.043094531567811,35.685839011796766,16.35050864493528,148014915.8647717,20855043.663001213,9036152.898201331,-4.802526153909078,27.249095447733627,11.663257523518498,5.674342223191642,COM,3.618715,5.46183,1.21,5.498,5.272,63924.995075,60796.001439,15.760000000000002,0.15,33.6,29.2,y,1.1323181091019543,1.3142556071799931,21.824796811069294,346.8424995091311,-6.867981130688914,115.8828004601891,16.44,21.44531835008592,21.44755297076441,21.77973941985415,2.8076770820948852e-05,0.1498973655156195,6.741043821487329,0.1501809390203153,21.432778566764174,21.395018457505024,347.7450207007673,-5.697451467521284,True,63813.0,572838245.8678093
A_M_2.3999999999999995_1.0_708,1570593,63873.15451625087,2463873.654888981,431210185.4806706,-1.795702392624182,347.8522551246724,0.0960942339110149,-5.64161246488228,0.0524708153784074,567036658.625219,-66944950.68984968,-32271070.52610104,-5.080384282803784,35.69022186617478,16.352617860827415,147523934.95620003,23356498.669521183,10119340.956598992,-5.53402086003199,27.22588064594124,11.627747523514502,5.910100124849292,COM,3.618715,5.46183,1.21,5.498,5.272,63924.995075,60796.001439,16.44,0.15,33.6,29.2,r,0.8322603774841439,0.9492218704186666,23.777405813190487,349.24613036710286,-5.561259955686546,60.97455332618745,16.44,22.132801636661316,22.13727156245155,23.742952708703307,7.1535140577224774e-06,0.05041080393008948,20.959537874000983,0.05060373377626996,22.07764663129959,22.1183695863251,347.8522537335682,-5.641606127725675,True,63813.0,571886020.6724939
A_M_2.3999999999999995_1.0_708,1570644,63873.17874833295,2463873.679120981,431206499.8844809,-1.7252282905561724,347.8545973606134,0.0963046554940562,-5.640339911680178,0.0525595878019665,567026021.161971,-66870227.50248211,-32236833.70296364,-5.081225488417497,35.690318296965366,16.35266432604037,147512271.67685863,23413498.607746057,10143684.642385812,-5.607559042662032,27.22299453300688,11.627090318909676,5.915480626823323,COM,3.618715,5.46183,1.21,5.498,5.272,63924.995075,60796.001439,16.110000000000003,0.15,33.6,29.2,i,0.8669174533819632,0.991383763238398,23.500187143612166,349.24613036710286,-5.561259955686546,60.97455332618745,16.44,21.802974684259496,21.807090937215552,23.465992986118255,7.118664777681115e-06,0.04816786860519244,21.965341696596983,0.048337369918713485,21.817236194619426,21.875707161198346,347.8546032523909,-5.640346470037724,True,63813.0,571864799.9730375
A_M_2.3999999999999995_1.0_708,1571429,63874.14219460881,2463874.642566981,431070857.1627626,-1.3740281378330508,347.95326906349106,0.0982233523652864,-5.589375751748364,0.0534201813588436,566601655.0089852,-63899130.037879735,-30875526.298159324,-5.114734622599164,35.69407212563173,16.354475262381367,147028369.8261955,25641655.589714453,11110066.053903682,-6.005538967468023,27.138565748810496,11.591069080715668,6.124684953773378,COM,3.618715,5.46183,1.21,5.498,5.272,63924.995075,60796.001439,15.760000000000002,0.15,33.6,29.2,y,0.8264478395155392,0.9421506563449382,22.14966356045711,347.51552498102797,-5.576284386980795,28.096495010383155,16.44,21.459581064671333,21.464311792769617,22.14966356045711,1.5090862188086276e-05,0.11104306036909234,9.246685688688471,0.11149329808831568,21.47226097907535,21.487151203510265,347.9532610988552,-5.589378148463862,True,63813.0,571028749.1910607
A_M_2.3999999999999995_1.0_708,1575399,63878.9919506913,2463879.492322981,430935708.7421721,0.4652223081915552,348.481925300411,0.1108636540902459,-5.318360545598308,0.0581607084335789,564422866.5981736,-48939029.39380103,-24020941.0328786,-5.28522139797179,35.71053732500186,16.362484692303326,143983241.91807628,36738511.102348864,15922345.292957848,-8.12601216226061,26.440192992275104,11.364403312116576,7.156559922618181,COM,3.618715,5.46183,1.21,5.498,5.272,63924.995075,60796.001439,16.44,0.15,33.6,29.2,r,1.4638675370671586,1.7176004100573705,22.4704903562313,349.96340251243373,-5.682131510197402,157.89504165567868,16.44,22.17239473700488,22.174184414105724,22.417855456624952,3.923105221455875e-05,0.16151365797188438,6.224539215975987,0.16175736349703262,22.323972873130668,22.154052962797262,348.4818773818507,-5.318330584462077,True,63813.0,567049562.6883174
A_M_2.3999999999999995_1.0_708,1575421,63879.00312223768,2463879.5034949807,430936170.0665852,0.4908127566731233,348.4831681222948,0.1106701626858402,-5.317710587174611,0.0581944134580553,564417764.7981795,-48904559.451362886,-24005146.98533904,-5.285617483956195,35.710570469315115,16.36250096406415,143975387.7029915,36764043.29920305,15933314.639644047,-8.148025649436462,26.46178654324173,11.363852555504042,7.1589295572286495,COM,3.618715,5.46183,1.21,5.498,5.272,63924.995075,60796.001439,16.110000000000003,0.15,33.6,29.2,i,1.4628860741604461,1.7164064162535841,22.305855467945644,349.96340251243373,-5.682131510197402,157.89504165567868,16.44,21.842470482505767,21.844258200956705,22.253353246169965,3.377990863996296e-05,0.14043048925522744,7.230559551715484,0.14064363552055736,21.649157033675237,21.765124744577317,348.48315414474826,-5.317640943418925,True,63813.0,567040841.7712896
A_M_2.3999999999999995_1.0_708,1575855,63879.20181389152,2463879.702185981,430949284.15439385,1.0455570767858362,348.5051390697384,0.1106923926597843,-5.306079231839158,0.0588931631987865,564326966.8712876,-48291516.0967814,-23724251.769565947,-5.292664237103022,35.71115619009644,16.362788648574746,143831037.32039142,37220071.38954357,16128315.900294945,-8.697804824090724,26.570027970535023,11.354496616398698,7.201183938769279,COM,3.618715,5.46183,1.21,5.498,5.272,63924.995075,60796.001439,15.760000000000002,0.15,33.6,29.2,y,0.8966043491018866,1.0274992081531467,21.84715080079731,349.96340251243373,-5.682131510197402,59.138871689976426,16.44,21.493845155445094,21.498845669928752,21.797025757820016,2.2999577885561992e-05,0.1543703875254598,6.51557615765693,0.15502363643587178,21.47338633705325,21.403063798560787,348.50513402013024,-5.306059747993644,True,63813.0,566886087.4876881
A_M_2.3999999999999995_1.0_708,1575906,63879.22454923632,2463879.724921981,430951394.8001812,1.1024651712604427,348.507671421244,0.1111276103483666,-5.304739400289929,0.0589659345814871,564316569.2575155,-48221365.63064855,-23692108.947802268,-5.2934708873296765,35.71122276136439,16.36282136206335,143813888.08308858,37272241.11572696,16150619.508415822,-8.761756804712785,26.544146862152427,11.353419399451456,7.206001176885098,COM,3.618715,5.46183,1.21,5.498,5.272,63924.995075,60796.001439,15.760000000000002,0.15,33.6,29.2,y,1.085312510602626,1.2570711807817836,21.569739091112986,349.96340251243373,-5.682131510197402,59.138871689976426,16.44,21.49400446659064,21.497372997346293,21.520086340234094,3.558300999654962e-05,0.1944327294541242,5.083443205454371,0.19497870521137664,21.647217645731182,21.435269725231237,348.50766423529507,-5.30476303862721,True,63813.0,566868420.7717445
A_M_2.3999999999999995_1.0_708,1576529,63880.11400123378,2463880.614373981,431030440.4946243,1.2401263603319537,348.6115779412676,0.112288999526728,-5.252105559892802,0.0596868229481731,563908560.7609206,-45476917.51043945,-22434604.17186924,-5.325075451349975,35.71375395223766,16.364067828241442,143138660.77889484,39276697.07851116,17021152.267634686,-8.932642240085517,26.466827869575106,11.302375588844887,7.390321232434058,COM,3.618715,5.46183,1.21,5.498,5.272,63924.995075,60796.001439,16.110000000000003,0.15,33.6,29.2,i,0.8632206421101336,0.9868864259247367,23.262745851513145,347.4935527885932,-4.272891780597742,113.67704716146264,16.44,21.849996035379508,21.855568703821596,23.216251460001832,8.926264499988193e-06,0.06220223302291425,16.876442966612043,0.06250047899045011,21.89527500152595,21.822876809808466,348.6115889861149,-5.2521040842765565,True,63813.0,566184004.0040452
A_M_2.3999999999999995_1.0_708,1576580,63880.13863029626,2463880.639002981,431033156.97929615,1.3127814114939085,348.6143563978053,0.1124072487543807,-5.250634420108628,0.0597770570373161,563897228.4057627,-45400920.83561132,-22399782.4380752,-5.325951897482351,35.713822005254954,16.36410141557701,143119574.0916075,39333023.14923844,17045201.80819191,-9.006623714937263,26.470958754522247,11.301154014333516,7.39551990505407,COM,3.618715,5.46183,1.21,5.498,5.272,63924.995075,60796.001439,15.940000000000001,0.15,33.6,29.2,z,0.8648615766669047,0.9888826966750665,22.910181821242467,347.4935527885932,-4.272891780597742,113.67704716146264,16.44,21.6801677958763,21.68573085827081,22.863438163819122,1.037371217043241e-05,0.07278935138850642,14.350604603645936,0.07313821685225452,21.652204037569607,21.594641851252646,348.61436246395243,-5.250645709229666,True,63813.0,566165239.1923187
A_M_2.3999999999999995_1.0_708,1577106,63880.996063290506,2463881.496435981,431140961.0460973,1.3585281120668935,348.7165957983363,0.1156662351844269,-5.19901200542776,0.0604023895706039,563501540.7242732,-42755088.73517023,-21187456.976239443,-5.356507947023916,35.71612239813916,16.365239378557437,142433389.1126082,41255805.114948206,17880556.853393547,-9.12185585578965,26.194961860030347,11.24929563366252,7.57165158481172,COM,3.618715,5.46183,1.21,5.498,5.272,63924.995075,60796.001439,16.44,0.15,33.6,29.2,r,0.8125080319145969,0.9251922529374658,24.050607060455455,348.08426179232436,-5.160779266954347,74.02364671250027,16.44,22.185968725705393,22.192637873181656,24.050607060455455,5.8699183880141934e-06,0.040687851073217374,26.037184206223138,0.040918610771292344,22.175214752603022,22.21280278051751,348.7165932985379,-5.199017930823534,True,63813.0,565518251.1152952
A_M_2.3999999999999995_1.0_708,1577128,63881.007701211456,2463881.508073981,431142340.9691229,1.3862613565651145,348.7179463783124,0.1154805176476288,-5.198308833654058,0.0604384909318452,563496154.4470557,-42719175.49416079,-21171001.415922064,-5.356923264164737,35.716152698730426,16.36525440377436,142424204.77880973,41282155.5385702,17891867.957014512,-9.146194134465375,26.216178040575333,11.24865150541434,7.574079637093152,COM,3.618715,5.46183,1.21,5.498,5.272,63924.995075,60796.001439,16.110000000000003,0.15,33.6,29.2,i,1.1047439967610235,1.280710458346744,23.37600220844903,348.08426179232436,-5.160779266954347,74.02364671250027,16.44,21.85604828108137,21.85953154333618,23.37600220844903,9.86005219506739e-06,0.054401493327160724,19.40259086812618,0.054563986823611715,21.82617950613038,21.92208167188765,348.7179642715512,-5.198319095809688,True,63813.0,565509553.7057477
A_M_2.3999999999999995_1.0_708,1577593,63881.23560014557,2463881.735972981,431175876.97885865,2.0113647533094143,348.74431220335515,0.1164546469791187,-5.184444372151144,0.0612234333965784,563390594.6000721,-42015905.71827595,-20848760.75480849,-5.365059215543112,35.7167410550711,16.365546354388968,142238019.85333854,41800013.14148699,18113238.916389577,-9.782141434823872,26.253457511947108,11.23645174490787,7.621687407985207,COM,3.618715,5.46183,1.21,5.498,5.272,63924.995075,60796.001439,15.940000000000001,0.15,33.6,29.2,z,1.096366588521808,1.2705189641384524,22.553620354307483,348.08426179232436,-5.160779266954347,-28.744945749782158,16.44,21.687639462671683,21.691245366648136,22.55352283681601,1.7012020713994707e-05,0.09540832319256384,10.852078435237916,0.09570398218467899,21.606348980475428,21.699549021588627,348.7443140495202,-5.1844405778190925,True,63813.0,565339693.6728935
A_M_2.3999999999999995_1.0_708,1578274,63882.16315313504,2463882.663525981,431329305.6853117,2.2661314098388665,348.8571917149754,0.1177521471098915,-5.127448282119148,0.0621283450667205,562959309.7710758,-39153470.61322332,-19537178.46772165,-5.398232697087969,35.719037163892764,16.366689710137273,141454672.0574692,43869546.76056534,19011348.288119685,-10.070251296645196,26.182025232236505,11.177461245682736,7.810608595532634,COM,3.618715,5.46183,1.21,5.498,5.272,63924.995075,60796.001439,15.940000000000001,0.15,33.6,29.2,z,0.7927488306824647,0.9011542952341419,23.137488662081434,349.44547347884014,-3.8181843977427508,117.58086948090764,16.44,21.693952488829893,21.701265970740483,23.09800136121332,8.044140114388346e-06,0.06032895279865963,17.389020171372866,0.06070869481368906,21.666536017992723,21.632091064048467,348.85719719400714,-5.12745095012427,True,63813.0,564657312.0587976
A_M_2.3999999999999995_1.0_708,1578325,63882.18782779924,2463882.688199981,431334209.58561087,2.3336437787584616,348.86011299558794,0.1181077411896646,-5.125914278778289,0.0622126685599415,562947800.7834686,-39077324.09025847,-19502287.64463994,-5.399116452312069,35.71909607522604,16.366719136859658,141433125.87001064,43925345.39656305,19035175.290886156,-10.143147867044988,26.16441682556515,11.176066568015528,7.815711626919477,COM,3.618715,5.46183,1.21,5.498,5.272,63924.995075,60796.001439,16.110000000000003,0.15,33.6,29.2,i,0.7897751848991352,0.8975367212884857,23.5764846672756,349.44547347884014,-3.8181843977427508,117.58086948090764,16.44,21.86412711757011,21.871538223568876,23.537366638506747,6.557135837005195e-06,0.047920021485700064,22.01812836798428,0.04822402085011556,21.882110592042125,21.88374236533041,348.86011410829667,-5.125906250449508,True,63813.0,564639356.4819701
A_M_2.3999999999999995_1.0_708,1580686,63887.15257753692,2463887.6529499814,432711359.031877,4.408372001424513,349.50184793665807,0.1312001001799148,-4.803523712483895,0.0680517318122847,560593523.5568527,-23753414.728739504,-12480668.197317123,-5.5782402660974855,35.72862247696507,16.371579287228183,136619780.0640582,54811330.08607452,23754203.626702536,-12.477035796295642,25.343039429851697,10.812987944510718,8.79811456206843,COM,3.618715,5.46183,1.21,5.498,5.272,63924.995075,60796.001439,16.44,0.15,33.6,29.2,r,1.0992571849901465,1.274035504854193,23.910789552105808,350.92159603967565,-4.117093513082137,131.62432320790742,16.44,22.228769596941973,22.233290990408907,23.848769110147995,9.070117054552604e-06,0.04999938545583864,21.135121726287984,0.05019290287065466,22.197190295198354,22.340608536427524,349.50184312954536,-4.803527926144124,True,63813.0,561235325.3705745
A_M_2.3999999999999995_1.0_708,1580737,63887.17672560123,2463887.6770979813,432720626.1965836,4.474051121360032,349.50503144433026,0.131556652657778,-4.801879418370542,0.068132366316402,560581884.4451534,-23678872.056056306,-12446511.230664773,-5.579117518076167,35.728657327195364,16.371597689672583,136593673.87726682,54864186.97839747,23776761.853298318,-12.547846887566514,25.3237983610855,10.81121003656214,8.802854244389849,COM,3.618715,5.46183,1.21,5.498,5.272,63924.995075,60796.001439,17.17,0.15,33.6,29.2,g,0.8945129783053186,1.0249549614419935,24.53090610116764,350.92159603967565,-4.117093513082137,131.62432320790742,16.44,22.958947396688842,22.9659500443673,24.469572202115398,8.236455645007204e-06,0.05504949982658573,19.109220239940836,0.05538066193209601,22.92524157898411,22.92620026559047,349.5050313809236,-4.801876411044205,True,63813.0,561219790.9836586
A_M_2.3999999999999995_1.0_708,1581495,63888.14719750494,2463888.6475699814,433096412.07822114,4.820763126797107,349.6385174650251,0.1339766170005018,-4.735356203448456,0.0692739852698933,560112609.9155561,-20683056.398295064,-11073763.441072864,-5.6144181585646615,35.729964363499114,16.372294591565506,135533081.6063775,56946864.47905659,24679861.27530844,-12.940842396089923,25.153314414787832,10.730068489990243,8.98845881748613,COM,3.618715,5.46183,1.21,5.498,5.272,63924.995075,60796.001439,17.17,0.15,33.6,29.2,g,0.7198271284131611,0.8124417620598067,24.810628126534958,350.58903021918013,-3.8213555680001905,13.250345610614357,16.44,22.965904622568484,22.977406122659314,24.783009737951208,5.544316347560004e-06,0.04257832213426461,24.75504915230753,0.042996475169375305,23.024686128503493,22.87277353165957,349.6385102594637,-4.7353439839752385,True,63813.0,560603739.5925394
A_M_2.3999999999999995_1.0_708,1588446,63899.01722797512,2463899.517599982,439594487.49708,8.95464764312683,351.32203852226525,0.1666916144553986,-3.9074788388774793,0.0832647541492084,554652415.0860707,12875421.31210022,4304029.141043387,-6.014985995192673,35.73177748748831,16.374246635780242,121100593.51847368,79047514.39895417,34260423.278917566,-17.578208244580058,22.52187450508468,9.60723064371278,10.90664077214365,COM,3.618715,5.46183,1.21,5.498,5.272,63924.995075,60796.001439,15.940000000000001,0.15,33.6,29.2,z,0.711103418141414,0.8018289758411362,23.31853016412207,350.2535642514303,-2.8289959070798294,93.60601025434104,16.44,21.81926133674012,21.837173141177878,23.266152358817727,7.158322190689001e-06,0.05881640043873245,17.682913653513015,0.05972695095534131,21.823366762504122,21.869599847761805,351.32204434967883,-3.907470350273711,True,63813.0,554818531.3249927
A_M_2.3999999999999995_1.0_708,1589225,63900.01465689104,2463900.5150289824,440393906.11422,9.337268965764723,351.49452400858434,0.1698180927816043,-3.8236647252297145,0.0846121974173796,554132472.4183209,15954570.872115985,5715067.693491046,-6.052129545571038,35.730733201484995,16.373872892370326,119551667.05024214,80945570.37044759,35083181.90568304,-17.99722220692469,22.240648770000615,9.48553254084198,11.066632271073368,COM,3.618715,5.46183,1.21,5.498,5.272,63924.995075,60796.001439,16.44,0.15,33.6,29.2,r,0.7936409692496361,0.9022396219581947,24.083695357587708,350.6420779507824,-5.308219810787299,41.60429456434026,16.44,22.327437732070525,22.342150108396947,23.994407692391544,6.657997543555977e-06,0.048564546290504336,21.58128216703234,0.04917838638092435,22.356022682999466,22.413918409517645,351.4945298464702,-3.8236664810144236,True,63813.0,554391564.9781259
A_M_2.3999999999999995_1.0_708,1589380,63900.0927755628,2463900.5931479824,440457683.9519513,9.56189182658016,351.5078148696691,0.1698785373182105,-3.817045382322565,0.0848567488105881,554091615.1449302,16195726.89431046,5825579.252862026,-6.055040789263111,35.730642643892615,16.373839614030377,119429454.1230799,81095813.32275225,35147173.84989799,-18.22051026577505,22.26348385033091,9.476508227278774,11.079363035984835,COM,3.618715,5.46183,1.21,5.498,5.272,63924.995075,60796.001439,15.760000000000002,0.15,33.6,29.2,y,0.7556040748433097,0.8559660277899145,22.294702646661868,351.17506065176605,-2.1756336628440978,-0.286586591392764,16.44,21.648092575630706,21.66444132964872,22.21284506509767,1.563487014536646e-05,0.1251525937734359,8.065026838386638,0.12690819319400679,21.77733167463732,21.683371786906747,351.50782313797515,-3.8170330449325056,True,63813.0,554358870.1528857
A_M_2.3999999999999995_1.0_708,1589431,63900.11570346475,2463900.6160759823,440476691.4250245,9.62697306623826,351.5117208891406,0.1701017675795279,-3.8150989707623184,0.0849276827400846,554079619.7727237,16266506.2628089,5858014.440889677,-6.055895299289727,35.73061582300381,16.373829736156058,119393292.79636472,81139906.77345479,35165943.99457034,-18.2879068946824,22.251945781357083,9.473861352308417,11.083093975310598,COM,3.618715,5.46183,1.21,5.498,5.272,63924.995075,60796.001439,15.760000000000002,0.15,33.6,29.2,y,0.7195352740603201,0.8120867081025792,22.32726206538772,351.17506065176605,-2.1756336628440978,-0.286586591392764,16.44,21.648286027904902,21.666461954057915,22.245625534708747,1.4523058376376339e-05,0.12194698665819259,8.275907105330697,0.12385195875860128,21.30386297180316,21.526854413935133,351.51171556085126,-3.8150994011868216,True,63813.0,554349294.7651992
A_M_2.3999999999999995_1.0_708,1590050,63901.0413857801,2463901.5417579827,441250918.7282753,9.79933167270928,351.6751871989691,0.1728466745340369,-3.735987195264544,0.0860515424112829,553593911.2710441,19124064.47131112,7167516.384051052,-6.0904160900172535,35.72944106099648,16.373388932442165,117920200.48587167,82874687.98175004,35919020.88825482,-18.491261183979844,21.97208566307662,9.357473958283574,11.228453011132553,COM,3.618715,5.46183,1.21,5.498,5.272,63924.995075,60796.001439,15.760000000000002,0.15,33.6,29.2,y,0.8879524485316863,1.016973781668718,22.102601914197002,350.8615750896922,-2.6634805341569527,-167.96333468425016,16.44,21.655950893234337,21.667974474799237,22.072161274629646,2.0768202271689285e-05,0.14137822559180255,7.112715779928572,0.14282701582646973,21.554007117970798,21.469004109317233,351.67514536397556,-3.7359753713657273,True,63813.0,553970506.1908902
A_M_2.3999999999999995_1.0_708,1590902,63902.07375556121,2463902.574127983,442147643.8404087,10.276062095717432,351.8601339424361,0.1760541658583005,-3.646389465327608,0.0875075721853302,553048965.3838845,22310842.073347915,8627895.310513612,-6.128961998292949,35.727918781714195,16.372800383393113,116241873.34568402,84787811.92864373,36747844.393973485,-18.999608207002563,21.68308109022665,9.225774696054126,11.388100915143667,COM,3.618715,5.46183,1.21,5.498,5.272,63924.995075,60796.001439,16.110000000000003,0.15,33.6,29.2,i,0.8064321849717622,0.9178007116444795,23.528740242691267,352.6027338124858,-3.600959616951764,138.193930007272,16.44,22.014607762926754,22.029866273318827,23.527680591895358,7.568256664665088e-06,0.05543075918017085,18.837188743288916,0.05616009045739455,21.977396523268858,22.133042902108567,351.8601330470152,-3.6463905202348768,True,63813.0,553566050.5880903
A_M_2.3999999999999995_1.0_708,1590953,63902.09792021872,2463902.5982929827,442169172.3780336,10.34550360082772,351.8643988384358,0.1762300959856874,-3.644273956069336,0.0875809596993193,553036168.491678,22385434.217547376,8662078.168719849,-6.129864809211801,35.727880463529665,16.37278537954016,116202130.80515257,84833076.88675709,36767103.43149513,-19.070577862766264,21.67559515920281,9.22285132092439,11.391895563074367,COM,3.618715,5.46183,1.21,5.498,5.272,63924.995075,60796.001439,15.940000000000001,0.15,33.6,29.2,z,0.8770343008071089,1.003691363512298,22.979948556772896,352.6027338124858,-3.600959616951764,138.193930007272,16.44,21.84481560342088,21.85762886001974,22.978978387334944,1.1032916495411906e-05,0.07654724134413633,13.534453840538022,0.07739495430628743,21.878612070289893,21.821574732122727,351.86439906254213,-3.644281091019117,True,63813.0,553556810.9266336
A_M_2.3999999999999995_1.0_708,1593894,63907.02062660007,2463907.520998984,446919425.8536952,11.989902841477036,352.79341129130995,0.1916296821396279,-3.197095633290053,0.0941050243925603,550389925.9255999,37578688.76443894,15624704.083435427,-6.314215506538544,35.717496549789,16.368550329634143,107691131.23564132,93556273.5319007,40549799.65107683,-20.83145944000037,20.11361478631821,8.554005227312047,12.1085826629321,COM,3.618715,5.46183,1.21,5.498,5.272,63924.995075,60796.001439,15.940000000000001,0.15,33.6,29.2,z,1.1317991860818613,1.3136243139682011,22.412966507535096,353.4501607836228,-2.0501400766516156,104.4084705730569,16.44,21.887365356344795,21.896202251378533,22.384963379574828,2.4446692107031885e-05,0.13150379827908526,7.704650848453706,0.13249598316995592,21.51431813655644,21.637843681801343,352.7934078482865,-3.197091130785028,True,63813.0,551892525.576617
A_M_2.3999999999999995_1.0_708,1594220,63908.0777350242,2463908.578107984,448039027.1050267,12.519280883515892,353.0023896688391,0.1949040667144912,-3.096823502823669,0.0956021743435983,549811433.9072342,40840654.28570738,17119596.961946692,-6.35389230617443,35.71459392798477,16.367333251234996,105759157.40754075,95344618.60626236,41324212.59620656,-21.37500145446737,19.78440426746808,8.403034219132117,12.253340730455248,COM,3.618715,5.46183,1.21,5.498,5.272,63924.995075,60796.001439,15.760000000000002,0.15,33.6,29.2,y,0.6701689395462941,0.7520303400806497,22.294723907298298,353.2342315453882,-2.602304689463155,93.89369345329152,16.44,21.716788039428344,21.7441803689963,22.294723907298298,1.3928647528980435e-05,0.12517345231716506,7.983616544377502,0.1281288419892247,21.79612894413038,21.760269909470804,353.00240107003805,-3.096795304997018,True,63813.0,551591925.700289
A_M_2.3999999999999995_1.0_708,1594271,63908.10059130541,2463908.600963984,448063814.2799598,12.583418080184474,353.0068533634441,0.1951335974339876,-3.09463771209464,0.0956638685399515,549798886.1832932,40911178.963111706,17151917.110548012,-6.354750419074573,35.71452853116799,16.36730572968153,105716881.7421576,95383674.543669,41340803.48168243,-21.440858267226865,19.76937226933192,8.39991716227828,12.256517922830144,COM,3.618715,5.46183,1.21,5.498,5.272,63924.995075,60796.001439,15.760000000000002,0.15,33.6,29.2,y,0.7965845718843928,0.905820647061305,22.067346391734723,353.2342315453882,-2.602304689463155,93.89369345329152,16.44,21.71699679609952,21.736067969614005,22.067346391734723,1.9949271498245498e-05,0.15060847441759226,6.60546112528104,0.15305602459122727,21.69192787316634,21.605338400646904,353.00682524795826,-3.0946566403126043,True,63813.0,551585648.9006115
A_M_2.3999999999999995_1.0_708,1596138,63915.01547908098,2463915.515851985,456235883.55198807,14.834439943405366,354.46081391163494,0.2162138088056007,-2.4020025661945126,0.1046845665392547,545924829.4545665,62240783.66807812,26927101.265028216,-6.6146032991662365,35.68959823902907,16.356625410992372,92218371.07599068,106240946.13130528,46048209.21520886,-23.692922076071355,17.32387180554703,7.338070295232106,13.117186452939498,COM,3.618715,5.46183,1.21,5.498,5.272,63924.995075,60796.001439,15.760000000000002,0.15,33.6,29.2,y,0.7232262328071288,0.8165769255561178,22.05043927159666,353.86624868170423,-1.4487384643981667,108.33891319785252,16.44,21.780884837158993,21.809305819290604,22.036741453455758,1.9937521963069764e-05,0.1646880790368075,5.949914747142723,0.1686718355516995,21.736901876612908,21.87662763224846,354.46078487957135,-2.401985038525321,True,63813.0,550120807.9587165
A_M_2.3999999999999995_1.0_708,1596163,63915.02693186401,2463915.5273039853,456250578.2614067,14.867226992600033,354.46329219896063,0.2162228769391103,-2.4008035639965613,0.1047115619007509,545918284.7281054,62276095.06787968,26943284.561819788,-6.615033681242562,35.689548431596855,16.35660382421595,92194912.09215036,106258087.89562611,46055469.01630734,-23.725235333020382,17.324762547133346,7.336305450394516,13.11853586908764,COM,3.618715,5.46183,1.21,5.498,5.272,63924.995075,60796.001439,15.760000000000002,0.15,33.6,29.2,y,0.9196309911993554,1.0555121547437414,22.0533692365583,353.86624868170423,-1.4487384643981667,108.33891319785252,16.44,21.780995304372215,21.798190458162445,22.039654896705112,2.4893109324505707e-05,0.162451910391278,6.1000223215428955,0.1648207246950415,21.88463392029165,21.780051889478255,354.46329013072506,-2.400821708744348,True,63813.0,550119101.8319211
A_M_2.3999999999999995_1.0_708,1596921,63916.033009422645,2463916.533381985,457559515.2600482,15.2311184686289,354.6869003754,0.2192801970444411,-2.294792107274217,0.1060245548487511,545341657.8030982,65378064.88274703,28364929.34479045,-6.652838497041526,35.68506279714205,16.354657051202818,90113391.03623351,107713291.83775309,46686056.49664976,-24.07403946883097,16.94797149230374,7.17176531374506,13.231501563898473,COM,3.618715,5.46183,1.21,5.498,5.272,63924.995075,60796.001439,15.940000000000001,0.15,33.6,29.2,z,0.8335272152156777,0.950763035542187,23.174202883833054,355.66274808153634,-1.5737376837490904,118.89384496247465,16.44,21.970613349330655,21.992303826408758,23.154691281131605,1.019126728208507e-05,0.07405031170074289,13.897109758970474,0.07544382499953649,22.077545791132497,21.988863865091123,354.686916169789,-2.2947951315003867,True,63813.0,549978530.7809561
A_M_2.3999999999999995_1.0_708,1597604,63917.01577517213,2463917.5161479856,458866838.2444042,15.525431315113572,354.9083705490226,0.2222774012969456,-2.189973233285133,0.1072773501734129,544775220.4317231,68407769.59490955,29753463.90439137,-6.689755207729133,35.68047123044424,16.35265931081281,88052876.75979605,109101898.0276556,47288113.66814712,-24.34986360898605,16.566834960292443,7.008432218245359,13.338705969031963,COM,3.618715,5.46183,1.21,5.498,5.272,63924.995075,60796.001439,16.44,0.15,33.6,29.2,r,1.0702008131329284,1.2386871205996695,23.71223066083475,355.67431776280836,-1.4607444175859028,168.9673035717078,16.44,22.480079457262995,22.493306878690092,23.701190833585496,1.238546507494475e-05,0.07109185050580474,14.60518969346802,0.07190462556770279,22.326807820078976,22.368649865736053,354.90837038250817,-2.1899600535970025,True,63813.0,549859011.3399004
A_M_2.3999999999999995_1.0_708,1597629,63917.02836039104,2463917.5287329857,458883739.89586216,15.561462692664096,354.9111700561147,0.2222982285457635,-2.188622970647374,0.1073055092122036,544767946.4867158,68446564.4979637,29771243.93466197,-6.690227857482104,35.68041108792292,16.352633112895273,88026380.79389407,109119911.874098,47295733.15698552,-24.385398394417788,16.56641303572818,7.006431179115234,13.340110050151372,COM,3.618715,5.46183,1.21,5.498,5.272,63924.995075,60796.001439,16.110000000000003,0.15,33.6,29.2,i,0.741416412339618,0.8387060977367615,23.896149692352793,355.67431776280836,-1.4607444175859028,168.9673035717078,16.44,22.150202812461956,22.17864816043413,23.885257998598043,6.079149298380479e-06,0.04650167335704816,22.29247016787499,0.04764338449606686,22.17314257798519,22.144309882632268,354.9111804234025,-2.188627054785139,True,63813.0,549857594.9064851
A_M_2.3999999999999995_1.0_708,1598309,63918.01696747616,2463918.5173399854,460227555.3474516,15.869685789638678,355.136890338784,0.225293059266469,-2.081912304137882,0.1085643484818464,544194940.9974508,71493865.12580048,31167852.07706108,-6.727347806248341,35.67558047771972,16.350526549067688,85926862.31045692,110484086.57331271,47887104.12662369,-24.670633369137327,16.179516615497516,6.839786635263624,13.444884680488856,COM,3.618715,5.46183,1.21,5.498,5.272,63924.995075,60796.001439,16.44,0.15,33.6,29.2,r,0.8819958325528374,1.0097272902102645,23.945120138307413,355.6379574005389,-2.180856792046947,141.63271914231188,16.44,22.48979909571225,22.510100235017294,23.945120138307413,8.609833107738974e-06,0.05858237956029224,17.71817547237915,0.05961128952541191,22.417938697874316,22.42881627220348,355.1368962826969,-2.081894035395783,True,63813.0,549755347.0053227
A_M_2.3999999999999995_1.0_708,1598334,63918.029750174814,2463918.5301229856,460245103.4441884,15.906276131036416,355.1397723131546,0.2253215170794216,-2.0805243482977063,0.1085921578027333,544187511.0988166,71533264.94137132,31185909.463896584,-6.727827656970802,35.675516644097485,16.35049868218273,85899594.8889492,110501955.57274549,47894657.19810542,-24.70673742929106,16.178201671879616,6.837723746874105,13.446270588601651,COM,3.618715,5.46183,1.21,5.498,5.272,63924.995075,60796.001439,16.110000000000003,0.15,33.6,29.2,i,0.7955976870293499,0.904620057213321,23.81485321757281,355.6379574005389,-2.180856792046947,141.63271914231188,16.44,22.15992536646676,22.1851087999793,23.81485321757281,6.795702892108873e-06,0.049631097493377276,20.914344357697107,0.05071056830416149,22.117870473900417,22.2308297884955,355.1397723470616,-2.08053492186015,True,63813.0,549754141.5743836
A_M_2.3999999999999995_1.0_708,1599041,63920.03312473898,2463920.533496986,463055266.660491,16.58870004962226,355.60608000627644,0.2313320756236046,-1.8604268177847545,0.1111391430025745,543016538.76688,77707169.00732076,34015499.39069611,-6.802984149424076,35.66508011734368,16.345933320961937,81565613.0865039,113164625.73379365,49048527.46998477,-25.32871235198012,15.384092642592126,6.493143423514596,13.649201450839197,COM,3.618715,5.46183,1.21,5.498,5.272,63924.995075,60796.001439,15.940000000000001,0.15,33.6,29.2,z,1.0555493833400473,1.2208629967640479,22.893007935553978,356.5518701890642,-2.5536823895247696,6.763741510630073,16.44,22.00959258427539,22.024295037201025,22.876476181019193,1.6593291789418482e-05,0.09653978439325528,10.613065104697613,0.09776508099841202,21.93000668152259,22.112391272120483,355.6060860250035,-1.8603940676220523,True,63813.0,549602055.7533362
A_M_2.3999999999999995_1.0_708,1600200,63922.07272663002,2463922.5730989864,466033391.0756379,17.35966362194536,356.09284505138805,0.2376004796352395,-1.6311588851212306,0.1137126925723587,541811040.3972149,83990772.04169154,36895404.70848856,-6.879382507710116,35.6535741954152,16.340882052102177,77049220.48072529,115733362.76332916,50161160.61041423,-26.02001516289992,14.538664681398505,6.133364916654367,13.842953838627569,COM,3.618715,5.46183,1.21,5.498,5.272,63924.995075,60796.001439,17.17,0.15,33.6,29.2,g,0.7922034905712269,0.9004908644418819,24.670231053534877,356.95646571042096,-0.6311535546302304,27.7534376045361,16.44,23.259905759124297,23.288014136192494,24.64224125698149,8.348602597471253e-06,0.062883699159196,16.35903214160825,0.06441975398741333,23.303558288729928,23.27259929258648,356.09283290816967,-1.6311628520968584,True,63813.0,549522451.0182227
A_M_2.3999999999999995_1.0_708,1603806,63928.09562669298,2463928.5959989885,475493167.8411304,19.31811713830131,357.6006537181099,0.2552518011716148,-0.9245291650149288,0.120912684878243,538172866.0830016,102533156.75038676,45393992.00386411,-7.10397199208152,35.614455862720426,16.323609924415816,63158406.568377726,122436732.14173016,53066253.87793327,-27.61639158266425,11.932627926750438,5.021839464053961,14.338297208768942,COM,3.618715,5.46183,1.21,5.498,5.272,63924.995075,60796.001439,16.44,0.15,33.6,29.2,r,0.9673157663219208,1.1135228300753295,23.917858789381036,359.0915768324105,-0.6425341560966421,-23.314166914637617,16.44,22.591407235122478,22.61267921911968,23.865432214403793,1.0866445431599412e-05,0.06853938776965689,15.059496840182776,0.06980368147434031,22.623323507836403,22.733648392096626,357.6006639503051,-0.9245242243003376,True,63813.0,549730567.2156484
A_M_2.3999999999999995_1.0_708,1603857,63928.119754239495,2463928.6201269883,475533500.6056157,19.374656890068376,357.6068184083024,0.2556937175810029,-0.9216113716891544,0.1209467071920716,538158056.7446469,102607395.78356966,45428018.892268114,-7.104867889176454,35.61428384436943,16.32353371487023,63100776.343965545,122461562.52349488,53076718.10211855,-27.672575523392027,11.888090258948022,5.017423630192569,14.340127054495266,COM,3.618715,5.46183,1.21,5.498,5.272,63924.995075,60796.001439,17.17,0.15,33.6,29.2,g,1.0758651940945199,1.2455780950054987,24.159751389810648,359.0915768324105,-0.6425341560966421,-23.314166914637617,16.44,23.32166266088408,23.338780542034247,24.10816253496006,1.818700593278369e-05,0.1037158350826414,9.82406431393727,0.10524791780605561,23.388557801462294,23.37226036936905,357.60683092601516,-0.9216195492726436,True,63813.0,549732731.9790381
A_M_2.3999999999999995_1.0_708,1610000,63937.07208654035,2463937.572458991,491331244.92933095,21.899453463300897,0.0307676671534752,0.2785594537027732,0.2047124464921037,0.1304366713549845,532535113.1004658,130125692.04496376,58041196.167412005,-7.434402131154803,35.542224334454,16.29148054768851,41207075.09244181,129861850.29050736,56285719.44567158,-29.27260541331943,7.880394728310741,3.26606402617652,14.86851739835078,COM,3.618715,5.46183,1.21,5.498,5.272,63924.995075,60796.001439,15.940000000000001,0.15,33.6,29.2,z,0.8931138596496964,1.0232528706200685,22.720150944170726,1.5830352347321304,0.5683473150057929,137.0807906653992,16.44,22.18670439713324,22.21634369300945,22.65388871735428,2.0371834544754536e-05,0.13804542638411832,7.18057908444948,0.14156144433866288,21.899573059729608,22.25060598827948,0.030772143716376377,0.20470103098350376,True,63813.0,551266834.5435363
A_M_2.3999999999999995_1.0_708,1610002,63937.072979369295,2463937.573351991,491332934.7128048,21.901660854772555,0.0310164283796351,0.2785729843094974,0.2048289267699768,0.1304373982430202,532534539.538305,130128434.1119538,58042453.047979854,-7.434434671497981,35.542216341690384,16.29147698111272,41204816.47784227,129862458.24454764,56285971.43284719,-29.27469755469932,7.87885245161122,3.265891352551733,14.868561028262244,COM,3.618715,5.46183,1.21,5.498,5.272,63924.995075,60796.001439,15.940000000000001,0.15,33.6,29.2,z,0.9282499941662866,1.0659975598130007,22.667749576773208,358.46669972394795,0.7302112205160112,133.7494127008744,16.44,22.186714235501434,22.214085268610816,22.59063729372623,2.232879188118591e-05,0.14531230723115002,6.812003052428504,0.14871892603540476,22.295460589684218,21.756418874451636,0.03101634550489507,0.20482580398441974,True,63813.0,551267060.0730017
A_M_2.3999999999999995_1.0_708,1612768,63942.04981758165,2463942.550189992,500958294.6861269,23.23167666276456,1.4641394432813029,0.290053757383543,0.8657432719444748,0.1350321520953443,529299166.6659469,145400480.4385951,65042813.21341455,-7.614553883444274,35.495258958541804,16.270492300708124,28561596.581431724,132601819.5316202,57473586.061588615,-29.87951306599913,5.561418834429261,2.254993352855054,15.059694487394935,COM,3.618715,5.46183,1.21,5.498,5.272,63924.995075,60796.001439,15.760000000000002,0.15,33.6,29.2,y,0.6877623372076662,0.7734335002526352,22.329227455080197,2.6339334098844875,0.4286340643509969,128.46175809920499,16.44,22.061147263397928,22.115953458342897,22.30687610040617,1.9711042126981782e-05,0.17068913875432748,5.588875781191567,0.17871715723925294,22.084679192028098,22.34418332036213,1.4641108227148152,0.8657449272791834,True,63813.0,552747207.2256496
A_M_2.3999999999999995_1.0_708,1614778,63947.04020715207,2463947.5405799937,511185436.72757405,24.53775408605772,2.957094930010703,0.3008832529227596,1.5502912172346388,0.1391477175264646,525977816.2867513,160692750.8798808,72052675.65827824,-7.792402970868792,35.443468180858545,16.24728907381231,15659914.264233902,134331301.2990377,58222868.223114,-30.297268134645613,3.166658252606278,1.218629670033951,15.180679182249476,COM,3.618715,5.46183,1.21,5.498,5.272,63924.995075,60796.001439,16.110000000000003,0.15,33.6,29.2,i,0.7479192931662071,0.8466171449710549,23.725916899628494,3.7505998480686706,0.5723166624681804,93.48941747402353,16.44,22.466692079316587,22.516051323390307,23.70261348694521,9.097493389400329e-06,0.07294908783523149,13.771090736284306,0.07611056531302121,22.5055567133288,22.50794942986526,2.9571034192664456,1.5502998998290056,True,63813.0,554676853.2043139
A_M_2.3999999999999995_1.0_708,1614805,63947.05423390889,2463947.554605994,511215194.60474086,24.572731576086376,2.9613179611353546,0.3010723602900463,1.5522429136821143,0.1391492876927284,525968373.56442857,160735699.31052506,72072363.22371808,-7.792898550731412,35.443316186988724,16.24722090351241,15623179.444403658,134335123.98651367,58224343.29600537,-30.328661754412916,3.1417559184790256,1.2157915765757137,15.180966105074011,COM,3.618715,5.46183,1.21,5.498,5.272,63924.995075,60796.001439,15.940000000000001,0.15,33.6,29.2,z,0.6787081380818983,0.7624186594670296,23.321159080606716,3.7505998480686706,0.5723166624681804,93.48941747402353,16.44,22.29685185755483,22.357148030620674,23.29795790600136,1.0188099126892644e-05,0.09022801745092034,10.933535978070106,0.09502127101986722,22.36548940164348,22.362801797722916,2.9613177483805657,1.5522434897312838,True,63813.0,554682900.9114175
A_M_2.3999999999999995_1.0_708,1616134,63949.05000738343,2463949.5503799943,515461148.6213786,25.07513603541549,3.5732475158978145,0.3051553618172398,1.8315944292633808,0.1406500788017206,524618652.1149291,166844976.01624605,74872874.90129887,-7.863155604741277,35.42133038531621,16.237356097259788,10422435.54701502,134735523.36176047,58397752.578745484,-30.429005346988863,2.17265543955477,0.7966751376231428,15.209933819901348,COM,3.618715,5.46183,1.21,5.498,5.272,63924.995075,60796.001439,16.44,0.15,33.6,29.2,r,0.9760217167133213,1.1241140106001475,23.92491945644357,4.7265009196988235,1.6988714197990054,103.67530854290897,16.44,22.819296448694935,22.84861318598821,23.909045408423278,1.290759019102545e-05,0.08103207165582649,12.571863721139607,0.08309956374858692,22.80881783808252,22.855276457788875,3.573242598294371,1.8315999685083555,True,63813.0,555578908.4952129
A_M_2.3999999999999995_1.0_708,1616158,63949.06204132624,2463949.562413994,515487235.67355496,25.10387146370057,3.576922700956687,0.3053356517134187,1.833287012110114,0.1406501146133851,524610476.9613413,166881801.7536425,74889756.0468664,-7.863577647722125,35.42119567404861,16.237295629919974,10390784.146597242,134737770.20029753,58398579.63731062,-30.45420850196774,2.1489657723869398,0.7942227385854498,15.210111942355873,COM,3.618715,5.46183,1.21,5.498,5.272,63924.995075,60796.001439,16.110000000000003,0.15,33.6,29.2,i,1.057398403501882,1.2231124130193212,23.376648219109356,4.7265009196988235,1.6988714197990054,103.67530854290897,16.44,22.489434309578897,22.51432573552765,23.360984367709964,1.6749624437405556e-05,0.0972716959543604,10.43375551679501,0.0993706137504722,22.431232977957652,22.53806712519115,3.5769589215744304,1.8332927955964147,True,63813.0,555584524.491915
A_M_2.3999999999999995_1.0_708,1616866,63950.08455198236,2463950.5849239947,517696763.734057,25.40521784726139,3.893529001260613,0.3077438508411632,1.9775609265175516,0.1413676620682822,523914246.419835,170010313.17563894,76323889.88954529,-7.899366832073026,35.40965674566563,16.232115175804083,7719969.655423358,134878287.39663833,58459159.80354447,-30.53629172608514,1.6083538475855523,0.5789403712761212,15.220787534362255,COM,3.618715,5.46183,1.21,5.498,5.272,63924.995075,60796.001439,16.44,0.15,33.6,29.2,r,0.9559685767539835,1.0997184632043595,23.8921800747705,4.809446215055575,3.3245563883159535,54.335609471119476,16.44,22.83098320739464,22.862048833058978,23.81931845310296,1.3825054093894397e-05,0.0885757949945734,11.441998543395128,0.09097064505147896,22.882308739456303,22.94084958803095,3.893513733325392,1.9775713070700023,True,63813.0,556071020.963702
A_M_2.3999999999999995_1.0_708,1621494,63957.03810675244,2463957.538478997,533293258.7608872,26.97292946451806,6.1004215897317176,0.3200609143493181,2.977243493207722,0.1457672153428036,519096545.15392536,191257558.46761936,86064045.474835,-8.138805706492008,35.32648348062379,16.194721943081788,-10461020.05053234,134660239.65703204,58365156.00276737,-30.44717727109853,-1.7369910577659862,-0.8897622139772609,15.219431549167693,COM,3.618715,5.46183,1.21,5.498,5.272,63924.995075,60796.001439,16.110000000000003,0.15,33.6,29.2,i,0.7888098654310638,0.8963623667044571,23.317170379579863,6.464644539587408,3.9322334355661854,18.964172888433144,16.44,22.580152018665913,22.62970289075538,23.30739938407645,1.467802562225764e-05,0.11294483902142602,8.723494503500246,0.11782970318328097,22.530786935091353,22.41145549724654,6.100413962561788,2.977246353484294,True,63813.0,559863998.4721563
A_M_2.3999999999999995_1.0_708,1621521,63957.051597945705,2463957.551969997,533324717.841642,27.004342675905423,6.104746684687532,0.3202590658335243,2.9792099891326225,0.1457599986906882,519087058.9671154,191298732.00382945,86082920.66230592,-8.139263223653987,35.326314417957505,16.194645853242534,-10496525.16463394,134658198.65915582,58364117.27059473,-30.47295195517489,-1.765369895949808,-0.8925178283695946,15.219347067573343,COM,3.618715,5.46183,1.21,5.498,5.272,63924.995075,60796.001439,15.940000000000001,0.15,33.6,29.2,z,0.800232542319728,0.9102585672989392,23.022674656529027,6.464644539587408,3.9322334355661854,18.964172888433144,16.44,22.41030895799397,22.45847047201321,23.01298687779021,1.6569333833482e-05,0.12544231923330773,7.817493972360437,0.13069404100342952,22.457808734241866,22.690084194283276,6.104754290738924,2.979230657463759,True,63813.0,559872171.9135139
A_M_2.3999999999999995_1.0_708,1625092,63963.03958426458,2463963.539956999,547511419.947357,28.290433627146538,8.072675983357675,0.3296142740385412,3.861730309293512,0.1485789731541395,514824467.35457206,209553666.55124903,94451693.36206391,-8.339445540321849,35.24851457548763,16.159601356353658,-26030705.742725197,132841713.75271454,57577406.867283136,-30.07018394852017,-4.657433998864198,-2.1428533774178717,15.120501004121213,COM,3.618715,5.46183,1.21,5.498,5.272,63924.995075,60796.001439,15.940000000000001,0.15,33.6,29.2,z,0.7328116378587272,0.8282380022612252,22.723845704361946,7.877619708037265,3.0322700148032133,30.99466393426539,16.44,22.479182071982653,22.539873673752577,22.71958846639352,2.122722671725624e-05,0.17260286891201826,5.492423434298668,0.18160706298601503,22.643422665522195,22.53941753015034,8.07271860771641,3.8616960127452917,True,63813.0,563806787.5885783
A_M_2.3999999999999995_1.0_708,1625119,63963.05343462578,2463963.553806999,547545292.0209557,28.32080390677052,8.077253005340966,0.3298296567148189,3.863788042808924,0.1485668542341928,514814488.7096633,209595842.2417365,94471028.71228662,-8.339901680256535,35.24832844138068,16.159517449026204,-26066702.89504556,132836121.59789228,57574840.97882616,-30.093158775246955,-4.689347357108937,-2.145636297519079,15.12021067564657,COM,3.618715,5.46183,1.21,5.498,5.272,63924.995075,60796.001439,15.760000000000002,0.15,33.6,29.2,y,0.7703635078052691,0.8739215423421764,21.941180734796006,7.877619708037265,3.0322700148032133,30.99466393426539,16.44,22.299344348687242,22.354217285119635,21.936822296770643,3.817673051238913e-05,0.2819752808238896,3.2072326990564615,0.2946651553128894,22.048428450405098,21.962625324106178,8.077252986513997,3.863798032742268,True,63813.0,563816592.640171
A_M_2.3999999999999995_1.0_237,1698626,64075.28110431611,2464075.7814770183,257045990.59695587,-49.16178629807207,265.5335482615387,0.0549498341305233,-25.465185795278025,-0.0259081758374997,-144599977.5640581,-305977550.52495104,-142859819.090238,22.328286413627843,21.31498521498763,9.910384642358803,-126527199.41459994,-74609206.86366817,-32339660.189857773,15.985482583001849,-23.29043773596371,-10.012905076574024,19.15553422831928,COM,0.388179,1.143363,1.67,5.918,5.756,64186.249944,60796.001439,20.84,0.15,33.6,29.2,g,0.877933108195424,1.0047848031574502,24.606001233019956,266.68300788750776,-24.476447409129023,-125.9575056375872,20.11,24.93947292616795,24.940705073890207,24.566254848873843,4.127317406386837e-05,0.2692380296707434,3.549275111215623,0.2695063433230735,24.114984810063667,24.898523732215942,265.5336384834311,-25.46519974329199,True,64137.0,367342269.3446408
A_M_2.3999999999999995_1.0_237,1702464,64079.23459137621,2464079.7349640178,240462537.80405536,-48.29178991567759,265.7585362573511,0.0335613157494329,-25.565132254304853,-0.0282404243563643,-136948985.8139165,-298646767.23687696,-139451281.5239243,22.46266556417923,21.60368577494688,10.045185621774545,-120905592.02564944,-82320737.64809309,-35682834.84925383,17.5744866165843,-22.31075869794237,-9.557169710962752,18.74622485121994,COM,0.388179,1.143363,1.67,5.918,5.756,64186.249944,60796.001439,20.84,0.15,33.6,29.2,g,0.6472836715960498,0.7241893815037103,24.63798541137669,267.409493631984,-25.10052672296369,-144.9366828688211,20.11,24.719057053632252,24.72029348674947,24.577937029455757,2.4724592093230797e-05,0.2227604888955984,4.386149787319616,0.22298742017524267,24.988250427480313,24.521279171210118,265.75847949378954,-25.5651265478818,True,64137.0,356919565.46981627
A_M_2.3999999999999995_1.0_237,1702514,64079.25831835906,2464079.758691017,240363582.3907536,-48.24060215002104,265.7594078654242,0.032740855618134,-25.56579721020009,-0.0278028602854042,-136902928.80719432,-298602470.44513416,-139430684.59522215,22.463485089868072,21.605473440038303,10.04602036568267,-120869515.72292309,-82366420.17883226,-35702424.36776501,17.6204953518838,-22.256377676035804,-9.55443227150072,18.74323307255378,COM,0.388179,1.143363,1.67,5.918,5.756,64186.249944,60796.001439,20.11,0.15,33.6,29.2,r,0.6551818165616036,0.7337978303669143,24.538688371259305,264.44438495851625,-26.79574007393071,-142.4938740645636,20.11,23.987685266023263,23.98884022544407,24.450950152542,1.4633292092057964e-05,0.13420515211682021,7.592492804754597,0.13433697029476824,24.100541457042713,24.067604999828898,265.75939604570385,-25.565805065199967,True,64137.0,356856782.30715644
A_M_2.3999999999999995_1.0_237,1702515,64079.25876661094,2464079.7591390177,240361714.9936455,-48.23959470061811,265.7594241218653,0.0327268706612073,-25.56580966394539,-0.0277941949586832,-136902059.16805136,-298601634.0223032,-139430295.67891887,22.463500565209788,21.605507200268544,10.046036129908002,-120868833.6671916,-82367281.64033625,-35702794.19220419,17.621293972244313,-22.255300253152623,-9.55438033468696,18.743176383639256,COM,0.388179,1.143363,1.67,5.918,5.756,64186.249944,60796.001439,20.11,0.15,33.6,29.2,r,0.6639089687755644,0.744414803863217,24.513889730844546,267.409493631984,-25.10052672296369,-144.9366828688211,20.11,23.98765936314289,23.988780801205134,24.453950463656962,1.4781680201102006e-05,0.13385593193988907,7.613781599779446,0.13398360289573383,23.988029591517467,23.97133259615768,265.7594379624215,-25.565822712012093,True,64137.0,356855596.843251
A_M_2.3999999999999995_1.0_237,1704828,64081.40430128905,2464081.9046740173,231500206.93004948,-47.37192883476347,265.8378176014693,0.0191504650190002,-25.622853255949416,-0.02543830514881,-132730330.86676396,-294580729.518866,-137560642.71386096,22.538258690776654,21.770014531609476,10.122854430832026,-117580399.03580144,-86396743.57279086,-37449437.69775239,18.51088899247396,-21.278968801278584,-9.29043711886454,18.46649185488979,COM,0.388179,1.143363,1.67,5.918,5.756,64186.249944,60796.001439,19.78,0.15,33.6,29.2,i,0.8226305785096186,0.9375067865080519,23.818444489376567,264.16542959909657,-26.342261939332552,65.1957407267493,20.11,23.5322991039766,23.532688239794197,23.738174877109536,2.2923193368641002e-05,0.166711213408408,6.023340295751956,0.16676577892645672,23.76300390257128,23.390773368833695,265.8377684981915,-25.622858177032498,True,64137.0,351166737.26268333
A_M_2.3999999999999995_1.0_237,1711321,64092.38876879406,2464092.889141016,187783604.87077543,-44.32477667832172,265.6806233492722,-0.0675779187766942,-25.954334299508982,-0.0312874670496793,-111148264.323167,-273483703.49045706,-127749842.53401937,22.94156160803214,22.711685292097936,10.562659078630745,-98431591.13248308,-105118926.7492281,-45565473.9831752,22.460077541891973,-17.740616241110473,-7.769303367392316,16.359763794738303,COM,0.388179,1.143363,1.67,5.918,5.756,64186.249944,60796.001439,19.78,0.15,33.6,29.2,i,0.8926158934365694,1.022647072307262,23.446877626627987,266.1676240664041,-25.898761213707566,-14.590027846346098,20.11,22.818388000025255,22.820174323040895,23.446877626627987,1.7103458104412564e-05,0.11666698014449561,8.801062439587245,0.11684513458658707,22.763560237912124,22.788876791995907,265.6806504704791,-25.954317362303303,True,64137.0,321663325.5507621
A_M_2.3999999999999995_1.0_237,1712305,64093.36906608444,2464093.869439015,184025367.50123617,-44.065639923468126,265.6118311037273,-0.0778609948902756,-25.987775042786183,-0.0323876475454729,-109203284.1371572,-271555854.0362271,-126853238.00611109,22.979241098105906,22.80489874442594,10.606201704779206,-96546624.30985548,-106622651.76141085,-46217119.34111373,22.797227754149592,-17.436679307911557,-7.620364648902076,16.105718103557773,COM,0.388179,1.143363,1.67,5.918,5.756,64186.249944,60796.001439,20.11,0.15,33.6,29.2,r,0.8099900232801194,0.9221289820926026,23.981455327756287,265.0948670009913,-27.28693329874308,-11.152196679193,20.11,23.077969987536697,23.080784356063404,23.948101711584364,1.2648196423183604e-05,0.09496395043454667,10.912867409245525,0.09519357378176474,23.11677473662951,23.000924934024233,265.6118254541244,-25.987809426899013,True,64137.0,318997935.91858935
A_M_2.3999999999999995_1.0_237,1712307,64093.36995851938,2464093.8703310154,184021971.19350055,-44.06353195741509,265.61175384758405,-0.0778442483028753,-25.987803922106664,-0.0323641824789131,-109201512.89240092,-271554096.2279847,-126852420.47698216,22.97927550906349,22.80498432472792,10.606241682364724,-96544867.37422486,-106623995.49222732,-46217706.62828235,22.79670946358781,-17.43425252130247,-7.620225283735796,16.105472275804203,COM,0.388179,1.143363,1.67,5.918,5.756,64186.249944,60796.001439,20.11,0.15,33.6,29.2,r,0.8823300969137632,1.0101339378512935,23.874815125579175,265.67787317984073,-24.259854482452614,-3.123571600467358,20.11,23.077905192587224,23.080250257175482,23.78072149149481,1.5857605024384024e-05,0.10955193115223742,9.399255915762428,0.10977197877385209,23.101684914108002,22.97423710116919,265.6117671718288,-25.9878005183115,True,64137.0,318995508.08288175
A_M_2.3999999999999995_1.0_237,1716901,64098.185022625,2464098.6853950145,165933702.9060772,-42.9286152184545,265.111419130248,-0.1308781875112774,-26.16226504537609,-0.041172762363565,-99601152.06463309,-261966317.1954804,-122393088.75297444,23.16831148934377,23.28833780244883,10.832051172171289,-86909274.86980385,-113574472.1212942,-49230459.43395398,24.206985573616315,-16.082344803370706,-6.857288126999916,14.667369813879914,COM,0.388179,1.143363,1.67,5.918,5.756,64186.249944,60796.001439,20.84,0.15,33.6,29.2,g,0.6998296178277256,0.7881138903013694,24.839515665209753,266.7784968383826,-26.654643397492986,-159.2343792739343,20.11,23.443193409789863,23.453320729545286,24.77767195521949,7.631450200331003e-06,0.06422719893085188,16.263215338707997,0.06478818856923532,23.48057251903973,23.531590836365293,265.11142423051524,-26.162263974280613,True,64137.0,305821531.3087989
A_M_2.3999999999999995_1.0_237,1716903,64098.185916606526,2464098.6862890143,165930386.80400294,-42.92667579975316,265.11128874425003,-0.1309289822471519,-26.16230184331244,-0.0411492412018543,-99599362.24986392,-261964518.10626063,-122392251.94671948,23.16834718881445,23.28843170805939,10.832095045772292,-86907405.0168106,-113575714.2676594,-49230989.09629093,24.208720548938537,-16.080286693797923,-6.857146652961709,14.667062483284218,COM,0.388179,1.143363,1.67,5.918,5.756,64186.249944,60796.001439,20.84,0.15,33.6,29.2,g,0.7319057741621648,0.8271359782994706,24.79693746100064,263.4048129319069,-25.83340145760369,-159.8927075280437,20.11,23.44312208164707,23.452330021911454,24.73577267899775,8.19202303848113e-06,0.06651473593311666,15.699783596998957,0.06704294298880333,23.52773157964731,23.48095171663658,265.1113028571266,-26.16231746912582,True,64137.0,305819072.4003561
A_M_2.3999999999999995_1.0_237,1716952,64098.20926219917,2464098.709635014,165843844.36590213,-42.87382195183086,265.1078668898137,-0.1321430628678126,-26.163255080932192,-0.0405024930422979,-99552621.87659384,-261917533.9468206,-122370398.30672508,23.16927952602492,23.290884542047632,10.83324103378856,-86858530.470076,-113608093.59474634,-49244816.87396607,24.25045496392537,-16.023775283274016,-6.853439513834368,14.65901984622906,COM,0.388179,1.143363,1.67,5.918,5.756,64186.249944,60796.001439,20.11,0.15,33.6,29.2,r,0.6360024228247885,0.7104652345800346,24.5711289280161,266.7784968383826,-26.654643397492986,-159.2343792739343,20.11,22.7112591599104,22.723875141955514,24.508764792597244,5.132810724827703e-06,0.043333538935716884,24.291347235638106,0.04380090530140926,22.729646786227793,22.750206079311827,265.1078668179454,-26.163260534681818,True,64137.0,305754858.49457
A_M_2.3999999999999995_1.0_237,1719709,64106.31135649121,2464106.8117290125,136893038.33368197,-39.83705822767613,263.50256276432896,-0.2543282718755111,-26.497461268723303,-0.0420636886933482,-83216096.39329822,-245296574.69517556,-114638856.37929171,23.501449340857526,24.214802439780737,11.264968945614848,-69352676.80488181,-123570495.44693884,-53562910.43987599,26.398892993672,-12.520220340548036,-5.46787254037402,11.37950555925981,COM,0.388179,1.143363,1.67,5.918,5.756,64186.249944,60796.001439,20.11,0.15,33.6,29.2,r,0.7293149156683032,0.8239840823215367,24.42294070546184,262.3977806753984,-26.78503773834411,9.317042357269292,20.11,22.013459372921563,22.045491603146687,24.413021857613327,4.107263748731543e-06,0.02669352895393676,39.11282467003403,0.027410160191598233,22.003813152001154,22.065019891835842,263.50256569208426,-26.497459626470867,True,64137.0,283262061.7874487
A_M_2.3999999999999995_1.0_237,1719760,64106.33600990818,2464106.8363820123,136808240.98533592,-39.77704459501573,263.4955623589508,-0.2538735640426883,-26.498486934896803,-0.041154893468952,-83166030.10459173,-245244986.60451767,-114614857.0751076,23.50248449825571,24.2178546522882,11.266395392779163,-69296458.69325724,-123597088.98535562,-53574552.39692389,26.386045385883342,-12.450490355355171,-5.463438809708297,11.367297994581284,COM,0.388179,1.143363,1.67,5.918,5.756,64186.249944,60796.001439,19.78,0.15,33.6,29.2,i,0.7015595593938327,0.7902184420849547,23.998966399007582,262.3977806753984,-26.78503773834411,9.317042357269292,20.11,21.681138817538105,21.715722433453802,23.989187468181697,4.200195349966231e-06,0.02886709055752808,36.04703894083565,0.029709765354962475,21.694447466700996,21.762757058528443,263.495559582282,-26.49848522592063,True,64137.0,283192968.628028
A_M_2.3999999999999995_1.0_237,1721764,64110.316765311305,2464110.817138012,123313786.2204157,-38.34725331433219,262.2543167664479,-0.3339256335357111,-26.6795337953936,-0.0432588094459149,-75052649.85923274,-236827224.91425723,-110698638.8707287,23.67127543978157,24.732535302826257,11.506950202654986,-60202353.758940645,-127647751.98627388,-55330766.69817919,27.232815925557908,-10.820057077066334,-4.74835446330163,9.277901329035773,COM,0.388179,1.143363,1.67,5.918,5.756,64186.249944,60796.001439,19.78,0.15,33.6,29.2,i,1.3191345731550377,1.5415262447141578,23.280908351139416,261.9937987868823,-27.671545204542973,24.50860787609702,20.11,21.288949612327674,21.304806147216514,23.271213895772952,8.158666546493807e-06,0.03723768934275242,28.27193361216775,0.037739747886993476,21.235770916699675,21.335916984910313,262.25431956166125,-26.679535332701622,True,64137.0,271982027.6402703
A_M_2.3999999999999995_1.0_237,1729144,64127.98674948438,2464128.4871220067,69949242.64218032,-31.26834048480636,250.10035555271216,-1.069787037010942,-27.31583954856834,-0.0053226731342167,-38327704.51802198,-196961652.79713324,-92146114.2733438,24.429121570631025,27.704503764839167,12.896744630147298,-17173739.916316964,-138523337.6490759,-60046742.77636951,29.17629878811685,-3.596195536041744,-1.3857226870244823,8.414397289169761,COM,0.388179,1.143363,1.67,5.918,5.756,64186.249944,60796.001439,20.84,0.15,33.6,29.2,g,0.933865125400204,1.0728286197082775,24.312224045028863,251.48233476294672,-27.100383654142156,103.15221073103756,20.11,20.630324256535182,20.890865793061312,24.28995537247535,3.2953704167893903e-06,0.012297887027467142,71.84501824494735,0.015007992517514708,20.62483409535878,20.88417942411409,250.10036005659396,-27.31584361558819,True,64137.0,220802653.92851463
A_M_2.3999999999999995_1.0_237,1729195,64128.01082322644,2464128.5111960066,69884238.38804151,-31.22716150628489,250.07129315404396,-1.0753475362570573,-27.315952286333964,-0.00399946651836,-38276885.78198773,-196904016.34700868,-92119283.87328382,24.43010435153984,27.709556892301244,12.899108686605617,-17112989.529989775,-138530795.16188616,-60049620.342400886,29.237404229613357,-3.573001477151142,-1.3811750894093473,8.448384197451531,COM,0.388179,1.143363,1.67,5.918,5.756,64186.249944,60796.001439,20.11,0.15,33.6,29.2,r,0.8773999650550957,1.0041362105293135,24.05688436100533,251.48233476294672,-27.100383654142156,105.17075504089611,20.11,19.89900437731972,20.19033168550119,24.03247162793844,3.0282055497365847e-06,0.008916053455392139,98.12125729148168,0.011009244226550526,19.894742861837948,20.206736881722705,250.07128898680278,-27.315952109667165,True,64137.0,220731225.9289044
A_M_2.3999999999999995_1.0_237,1731327,64136.17208657657,2464136.672459004,49808809.22293774,-25.43241992819356,236.7004325212764,-2.003479901097195,-26.548151962316226,0.2451314187387663,-20937799.071353897,-176708247.3231142,-82716345.85862535,24.732724133643625,29.64612002084825,13.805364019853066,3524686.3346300446,-139467059.76940176,-60454310.15749848,29.69636287540831,0.4847972006260057,0.2316188261697142,23.92096865931469,COM,0.388179,1.143363,1.67,5.918,5.756,64186.249944,60796.001439,20.11,0.15,33.6,29.2,r,0.9303424683199495,1.0685431488077244,24.05885251599949,237.6719788741823,-26.65854536003924,86.04002661837336,20.11,19.431969868992518,20.063944522922917,24.05398407622818,3.0204594672830244e-06,0.00827452863137396,82.22306007314086,0.013125111980467048,19.422002676575342,20.048884751822598,236.70043247569134,-26.548150083202348,True,64137.0,196229941.58426234
A_M_2.3999999999999995_1.0_237,1731378,64136.19628155622,2464136.696654004,49755709.24507551,-25.363900595016226,236.64623328822347,-2.0042917119320816,-26.542175525828178,0.2488576212104472,-20886091.413818136,-176646261.61803824,-82687480.84316912,24.73349258694673,29.65261151515729,13.808402694023176,3586770.3412007987,-139465971.00839224,-60453820.9963851,29.69988361813772,0.5569542973383458,0.2363828063111754,23.98221059768949,COM,0.388179,1.143363,1.67,5.918,5.756,64186.249944,60796.001439,19.78,0.15,33.6,29.2,i,1.1609737284233284,1.3491164579359227,23.408078169421707,237.6719788741823,-26.65854536003924,86.04002661837336,20.11,19.100684217228896,19.57272127912902,23.401574077300648,3.2314831398776157e-06,0.009225803438178406,82.59019434111083,0.0130671172314466,19.111070304576945,19.565933096137464,236.64622519561274,-26.542180140109256,True,64137.0,196156442.78576282
A_M_2.3999999999999995_1.0_237,1731963,64137.97957725456,2464138.479950004,45937374.31113832,-24.177981531754032,232.44205751404675,-2.306929865158754,-26.020036801425963,0.3409864464912928,-17070711.452161632,-172039512.76776743,-80542152.93291374,24.787067999234026,30.145290571051586,14.039042524836976,8092794.405172757,-139314370.631398,-60390095.87354763,29.359657113207017,0.97251930955847,0.5886898475908185,28.73223810714109,COM,0.388179,1.143363,1.67,5.918,5.756,64186.249944,60796.001439,19.61,0.15,33.6,29.2,z,1.984354701134667,2.3507964733998383,22.0508088408651,231.34785811713894,-25.446371717560396,96.43194381306385,20.11,18.836325259695684,19.094724031381432,22.036151331819656,6.110356238804679e-06,0.017721587211044876,49.295410190300885,0.021804674206416314,18.86171440252204,19.12553484397628,232.44206067098787,-26.02002885166039,True,64137.0,190725041.72741094
A_M_2.3999999999999995_1.0_237,1732014,64138.0038631495,2464138.5042360034,45886707.32619587,-24.10770011851465,232.3796014933762,-2.3151409373330543,-26.01170429062228,0.3452562315663743,-17018695.581032794,-171976246.2496408,-80512688.8985895,24.78775280498833,30.1521997016425,14.042277152987928,8154460.92349845,-139312299.10973236,-60388855.812430136,29.41714234794624,1.0034315610656477,0.5932734649086016,28.802291835830676,COM,0.388179,1.143363,1.67,5.918,5.756,64186.249944,60796.001439,19.43,0.15,33.6,29.2,y,1.7299762673930077,2.041333658628963,21.34398934505161,231.34785811713894,-25.446371717560396,96.43194381306385,20.11,18.655111158842214,18.978426734557967,21.331883541910035,8.243749665387265e-06,0.028840916899544024,28.20994837812116,0.03782124506352236,18.630922938338752,19.004887638026048,232.37961761174682,-26.01171778811429,True,64137.0,190650880.79281986
